time	V(g1)	V(n002)
0.000000000000000e+00	0.000000e+00	3.163680e-14
4.882812361904632e-13	9.203885e-08	1.190732e-07
9.765624723809263e-13	1.840777e-07	1.607332e-07
9.765624723809266e-12	1.840777e-06	6.429722e-08
1.855468697523761e-11	3.497476e-06	-1.056882e-07
2.734374922666595e-11	5.154176e-06	-3.492230e-07
3.613281147809429e-11	6.810875e-06	-6.663072e-07
4.492187372952262e-11	8.467574e-06	-1.056941e-06
5.371093598095097e-11	1.012427e-05	-1.521124e-06
6.249999823237928e-11	1.178097e-05	-2.058856e-06
1.249999964647586e-10	2.356194e-05	-8.795877e-06
2.499999929295171e-10	4.712389e-05	-3.539167e-05
4.999999858590343e-10	9.424778e-05	-1.356610e-04
9.999999717180685e-10	1.884955e-04	-4.893437e-04
1.999999943436137e-09	3.769910e-04	-1.617357e-03
3.999999886872274e-09	7.539814e-04	-4.756371e-03
7.999999773744548e-09	1.507958e-03	-1.229145e-02
1.599999954748910e-08	3.015878e-03	-2.843651e-02
3.199999909497819e-08	6.031451e-03	-6.135932e-02
6.399999818995639e-08	1.206046e-02	-1.282126e-01
1.128281231899564e-07	2.124979e-02	-2.323054e-01
1.616562481899564e-07	3.041912e-02	-3.388664e-01
2.104843731899564e-07	3.955982e-02	-4.480149e-01
3.081406231899564e-07	5.772094e-02	-6.735163e-01
4.546249981899565e-07	8.453415e-02	-1.027415e+00
6.011093731899565e-07	1.106318e-01	-1.395797e+00
7.475937481899566e-07	1.357929e-01	-1.773201e+00
8.940781231899567e-07	1.598044e-01	-2.153607e+00
1.040562498189957e-06	1.824633e-01	-2.530573e+00
1.187046873189956e-06	2.035775e-01	-2.897407e+00
1.333531248189956e-06	2.229684e-01	-3.247338e+00
1.480015623189956e-06	2.404719e-01	-3.573701e+00
1.626499998189956e-06	2.559397e-01	-3.870120e+00
1.772984373189955e-06	2.692409e-01	-4.130681e+00
1.919468748189955e-06	2.802630e-01	-4.350100e+00
2.017124998189956e-06	2.862979e-01	-4.471262e+00
2.114781248189956e-06	2.912553e-01	-4.571001e+00
2.212437498189956e-06	2.951165e-01	-4.648396e+00
2.310093748189956e-06	2.978669e-01	-4.702728e+00
2.407749998189957e-06	2.994962e-01	-4.733494e+00
2.505406248189957e-06	2.999983e-01	-4.740410e+00
2.603062498189957e-06	2.993712e-01	-4.723416e+00
2.700718748189957e-06	2.976174e-01	-4.682677e+00
2.798374998189958e-06	2.947434e-01	-4.618580e+00
2.896031248189958e-06	2.907601e-01	-4.531728e+00
2.993687498189958e-06	2.856824e-01	-4.422934e+00
3.140171873189959e-06	2.760569e-01	-4.220862e+00
3.286656248189959e-06	2.640945e-01	-3.975919e+00
3.433140623189959e-06	2.498965e-01	-3.693102e+00
3.579624998189960e-06	2.335830e-01	-3.378087e+00
3.726109373189960e-06	2.152923e-01	-3.037066e+00
3.872593748189960e-06	1.951791e-01	-2.676580e+00
4.019078123189959e-06	1.734136e-01	-2.303339e+00
4.165562498189958e-06	1.501802e-01	-1.924040e+00
4.312046873189957e-06	1.256755e-01	-1.545198e+00
4.458531248189956e-06	1.001069e-01	-1.172973e+00
4.605015623189955e-06	7.369088e-02	-8.130231e-01
4.702671873189955e-06	5.571960e-02	-5.823872e-01
4.751499998189954e-06	4.665106e-02	-4.703735e-01
4.800328123189954e-06	3.753861e-02	-3.607645e-01
4.849156248189954e-06	2.839083e-02	-2.536991e-01
4.897984373189953e-06	1.921633e-02	-1.493054e-01
4.946812498189953e-06	1.002374e-02	-4.770090e-02
4.995640623189953e-06	8.217221e-04	5.100772e-02
5.044468748189953e-06	-8.381071e-03	1.467250e-01
5.093296873189952e-06	-1.757598e-02	2.393664e-01
5.142124998189952e-06	-2.675434e-02	3.288589e-01
5.190953123189952e-06	-3.590752e-02	4.151405e-01
5.239781248189951e-06	-4.502691e-02	4.981605e-01
5.288609373189951e-06	-5.410392e-02	5.778791e-01
5.337437498189951e-06	-6.313001e-02	6.542680e-01
5.435093748189950e-06	-8.099550e-02	7.969960e-01
5.532749998189950e-06	-9.855615e-02	9.263302e-01
5.581578123189949e-06	-1.072014e-01	9.860150e-01
5.630406248189949e-06	-1.157458e-01	1.042419e+00
5.679234373189949e-06	-1.241813e-01	1.095586e+00
5.728062498189948e-06	-1.324999e-01	1.145566e+00
5.776890623189948e-06	-1.406938e-01	1.192419e+00
5.825718748189948e-06	-1.487553e-01	1.236213e+00
5.874546873189947e-06	-1.566767e-01	1.277024e+00
5.923374998189947e-06	-1.644507e-01	1.314932e+00
5.972203123189947e-06	-1.720700e-01	1.350028e+00
6.021031248189947e-06	-1.795273e-01	1.382404e+00
6.069859373189946e-06	-1.868156e-01	1.412163e+00
6.118687498189946e-06	-1.939281e-01	1.439407e+00
6.167515623189946e-06	-2.008581e-01	1.464246e+00
6.216343748189945e-06	-2.075990e-01	1.486793e+00
6.265171873189945e-06	-2.141446e-01	1.507162e+00
6.313999998189945e-06	-2.204886e-01	1.525471e+00
6.362828123189945e-06	-2.266251e-01	1.541841e+00
6.411656248189944e-06	-2.325483e-01	1.556391e+00
6.460484373189944e-06	-2.382526e-01	1.569242e+00
6.509312498189944e-06	-2.437327e-01	1.580515e+00
6.558140623189943e-06	-2.489834e-01	1.590330e+00
6.606968748189943e-06	-2.539998e-01	1.598807e+00
6.655796873189943e-06	-2.587771e-01	1.606062e+00
6.704624998189942e-06	-2.633109e-01	1.612209e+00
6.753453123189942e-06	-2.675968e-01	1.617359e+00
6.802281248189942e-06	-2.716309e-01	1.621620e+00
6.851109373189942e-06	-2.754094e-01	1.625096e+00
6.899937498189941e-06	-2.789286e-01	1.627885e+00
6.948765623189941e-06	-2.821853e-01	1.630081e+00
6.997593748189941e-06	-2.851765e-01	1.631771e+00
7.046421873189940e-06	-2.878992e-01	1.633039e+00
7.095249998189940e-06	-2.903510e-01	1.633959e+00
7.144078123189940e-06	-2.925295e-01	1.634601e+00
7.192906248189940e-06	-2.944327e-01	1.635026e+00
7.241734373189939e-06	-2.960588e-01	1.635289e+00
7.290562498189939e-06	-2.974062e-01	1.635437e+00
7.339390623189939e-06	-2.984737e-01	1.635508e+00
7.388218748189938e-06	-2.992604e-01	1.635537e+00
7.406529295064939e-06	-2.994828e-01	1.635538e+00
7.430943357564939e-06	-2.997176e-01	1.635536e+00
7.479771482564938e-06	-2.999758e-01	1.635529e+00
7.485874998189939e-06	-2.999882e-01	1.635528e+00
7.498082029439939e-06	-2.999998e-01	1.635526e+00
7.522496091939939e-06	-2.999700e-01	1.635522e+00
7.571324216939938e-06	-2.996988e-01	1.635510e+00
7.620152341939938e-06	-2.991455e-01	1.635486e+00
7.668980466939939e-06	-2.983107e-01	1.635444e+00
7.675083982564938e-06	-2.981865e-01	1.635436e+00
7.676609861471188e-06	-2.981548e-01	1.635433e+00
7.685765134908687e-06	-2.979588e-01	1.635417e+00
7.697972166158687e-06	-2.976821e-01	1.635391e+00
7.722386228658688e-06	-2.970761e-01	1.635319e+00
7.771214353658688e-06	-2.956547e-01	1.635101e+00
7.820042478658687e-06	-2.939549e-01	1.634759e+00
7.868870603658687e-06	-2.919785e-01	1.634232e+00
7.917698728658687e-06	-2.897273e-01	1.633462e+00
7.966526853658686e-06	-2.872035e-01	1.632385e+00
8.015354978658686e-06	-2.844093e-01	1.630929e+00
8.064183103658686e-06	-2.813474e-01	1.629014e+00
8.113011228658686e-06	-2.780208e-01	1.626555e+00
8.161839353658685e-06	-2.744325e-01	1.623463e+00
8.210667478658685e-06	-2.705859e-01	1.619640e+00
8.259495603658685e-06	-2.664846e-01	1.614986e+00
8.308323728658684e-06	-2.621326e-01	1.609394e+00
8.357151853658684e-06	-2.575338e-01	1.602755e+00
8.405979978658684e-06	-2.526926e-01	1.594956e+00
8.454808103658684e-06	-2.476136e-01	1.585880e+00
8.503636228658683e-06	-2.423016e-01	1.575409e+00
8.552464353658683e-06	-2.367615e-01	1.563424e+00
8.601292478658683e-06	-2.309986e-01	1.549803e+00
8.650120603658682e-06	-2.250183e-01	1.534424e+00
8.698948728658682e-06	-2.188262e-01	1.517166e+00
8.747776853658682e-06	-2.124281e-01	1.497908e+00
8.796604978658681e-06	-2.058302e-01	1.476531e+00
8.845433103658681e-06	-1.990385e-01	1.452917e+00
8.894261228658681e-06	-1.920594e-01	1.426952e+00
8.943089353658681e-06	-1.848997e-01	1.398524e+00
8.991917478658680e-06	-1.775658e-01	1.367527e+00
9.040745603658680e-06	-1.700649e-01	1.333856e+00
9.089573728658680e-06	-1.624039e-01	1.297414e+00
9.138401853658679e-06	-1.545901e-01	1.258110e+00
9.187229978658679e-06	-1.466308e-01	1.215856e+00
9.236058103658679e-06	-1.385334e-01	1.170575e+00
9.284886228658678e-06	-1.303057e-01	1.122195e+00
9.333714353658678e-06	-1.219554e-01	1.070651e+00
9.382542478658678e-06	-1.134902e-01	1.015889e+00
9.480198728658677e-06	-9.624761e-02	8.965304e-01
9.577854978658677e-06	-7.864271e-02	7.638590e-01
9.675511228658676e-06	-6.074182e-02	6.177725e-01
9.724339353658676e-06	-5.170140e-02	5.397125e-01
9.773167478658676e-06	-4.261232e-02	4.583372e-01
9.821995603658675e-06	-3.348313e-02	3.736823e-01
9.870823728658675e-06	-2.432243e-02	2.857949e-01
9.919651853658675e-06	-1.513884e-02	1.947333e-01
9.968479978658674e-06	-5.940996e-03	1.005674e-01
1.001730810365867e-05	3.262436e-03	3.378364e-03
1.006613622865867e-05	1.246280e-02	-9.674139e-02
1.011496435365867e-05	2.165143e-02	-1.996880e-01
1.016379247865867e-05	3.081968e-02	-3.053467e-01
1.021262060365867e-05	3.995893e-02	-4.135916e-01
1.031027685365867e-05	5.811604e-02	-6.372833e-01
1.040793310365867e-05	7.605441e-02	-8.695472e-01
1.055441747865867e-05	1.024044e-01	-1.230973e+00
1.070090185365867e-05	1.278876e-01	-1.603338e+00
1.084738622865867e-05	1.522881e-01	-1.980808e+00
1.099387060365867e-05	1.753996e-01	-2.357082e+00
1.114035497865867e-05	1.970262e-01	-2.725551e+00
1.128683935365867e-05	2.169850e-01	-3.079468e+00
1.143332372865867e-05	2.351069e-01	-3.412134e+00
1.157980810365866e-05	2.512386e-01	-3.717077e+00
1.172629247865866e-05	2.652436e-01	-3.988230e+00
1.187277685365866e-05	2.770032e-01	-4.220104e+00
1.197043310365866e-05	2.835456e-01	-4.350481e+00
1.206808935365866e-05	2.890208e-01	-4.460065e+00
1.216574560365866e-05	2.934081e-01	-4.547843e+00
1.226340185365866e-05	2.966912e-01	-4.612999e+00
1.236105810365866e-05	2.988575e-01	-4.654926e+00
1.245871435365866e-05	2.998991e-01	-4.673236e+00
1.255637060365866e-05	2.998118e-01	-4.667761e+00
1.265402685365866e-05	2.985962e-01	-4.638558e+00
1.275168310365866e-05	2.962567e-01	-4.585907e+00
1.284933935365866e-05	2.928022e-01	-4.510307e+00
1.294699560365866e-05	2.882456e-01	-4.412470e+00
1.304465185365866e-05	2.826041e-01	-4.293310e+00
1.319113622865865e-05	2.721553e-01	-4.077063e+00
1.333762060365865e-05	2.594026e-01	-3.819842e+00
1.348410497865865e-05	2.444541e-01	-3.526883e+00
1.363058935365865e-05	2.274361e-01	-3.204048e+00
1.377707372865865e-05	2.084929e-01	-2.857652e+00
1.392355810365865e-05	1.877848e-01	-2.494297e+00
1.407004247865865e-05	1.654871e-01	-2.120690e+00
1.421652685365865e-05	1.417885e-01	-1.743463e+00
1.436301122865865e-05	1.168896e-01	-1.369002e+00
1.450949560365865e-05	9.100118e-02	-1.003288e+00
1.460715185365865e-05	7.330048e-02	-7.670453e-01
1.470480810365865e-05	5.532389e-02	-5.385620e-01
1.475363622865865e-05	4.625324e-02	-4.276422e-01
1.480246435365865e-05	3.713907e-02	-3.191371e-01
1.485129247865864e-05	2.798994e-02	-2.131840e-01
1.490012060365864e-05	1.881447e-02	-1.099099e-01
1.494894872865864e-05	9.621288e-03	-9.430869e-03
1.499777685365864e-05	4.190531e-04	8.814792e-02
1.504660497865864e-05	-8.783576e-03	1.827323e-01
1.509543310365864e-05	-1.797794e-02	2.742392e-01
1.514426122865864e-05	-2.715538e-02	3.625970e-01
1.519308935365864e-05	-3.630726e-02	4.477449e-01
1.524191747865864e-05	-4.542498e-02	5.296338e-01
1.529074560365864e-05	-5.449994e-02	6.082252e-01
1.538840185365864e-05	-7.248749e-02	7.554182e-01
1.548605810365865e-05	-9.020221e-02	8.892354e-01
1.558371435365865e-05	-1.075774e-01	1.009756e+00
1.563254247865865e-05	-1.161172e-01	1.065098e+00
1.568137060365865e-05	-1.245478e-01	1.117216e+00
1.573019872865865e-05	-1.328611e-01	1.166164e+00
1.577902685365866e-05	-1.410493e-01	1.212001e+00
1.582785497865866e-05	-1.491048e-01	1.254797e+00
1.587668310365866e-05	-1.570200e-01	1.294628e+00
1.592551122865866e-05	-1.647874e-01	1.331578e+00
1.597433935365866e-05	-1.723997e-01	1.365735e+00
1.602316747865866e-05	-1.798497e-01	1.397196e+00
1.607199560365866e-05	-1.871305e-01	1.426062e+00
1.612082372865867e-05	-1.942351e-01	1.452437e+00
1.616965185365867e-05	-2.011570e-01	1.476432e+00
1.621847997865867e-05	-2.078895e-01	1.498160e+00
1.626730810365867e-05	-2.144264e-01	1.517736e+00
1.631613622865867e-05	-2.207614e-01	1.535281e+00
1.636496435365867e-05	-2.268887e-01	1.550912e+00
1.641379247865867e-05	-2.328025e-01	1.564753e+00
1.646262060365868e-05	-2.384971e-01	1.576923e+00
1.651144872865868e-05	-2.439673e-01	1.587546e+00
1.656027685365868e-05	-2.492078e-01	1.596741e+00
1.660910497865868e-05	-2.542138e-01	1.604627e+00
1.665793310365868e-05	-2.589806e-01	1.611322e+00
1.670676122865868e-05	-2.635036e-01	1.616940e+00
1.675558935365868e-05	-2.677786e-01	1.621593e+00
1.680441747865869e-05	-2.718016e-01	1.625389e+00
1.685324560365869e-05	-2.755688e-01	1.628432e+00
1.690207372865869e-05	-2.790766e-01	1.630819e+00
1.695090185365869e-05	-2.823218e-01	1.632646e+00
1.699972997865869e-05	-2.853012e-01	1.633999e+00
1.704855810365869e-05	-2.880121e-01	1.634962e+00
1.709738622865869e-05	-2.904520e-01	1.635610e+00
1.714621435365870e-05	-2.926185e-01	1.636011e+00
1.719504247865870e-05	-2.945096e-01	1.636228e+00
1.724387060365870e-05	-2.961236e-01	1.636316e+00
1.729269872865870e-05	-2.974588e-01	1.636332e+00
1.734152685365870e-05	-2.985140e-01	1.636326e+00
1.739340673647120e-05	-2.993274e-01	1.636317e+00
1.744528661928370e-05	-2.998224e-01	1.636308e+00
1.749716650209620e-05	-2.999991e-01	1.636300e+00
1.754904638490871e-05	-2.998574e-01	1.636291e+00
1.760092626772121e-05	-2.993974e-01	1.636282e+00
1.765280615053371e-05	-2.986191e-01	1.636274e+00
1.770468603334621e-05	-2.975224e-01	1.636265e+00
1.771078954897121e-05	-2.973727e-01	1.636264e+00
1.772299658022121e-05	-2.970601e-01	1.636262e+00
1.772604833803371e-05	-2.969792e-01	1.636261e+00
1.773215185365871e-05	-2.968141e-01	1.636259e+00
1.773240219316676e-05	-2.968073e-01	1.636259e+00
1.774634968004420e-05	-2.964133e-01	1.636251e+00
1.776029716692165e-05	-2.959966e-01	1.636232e+00
1.777424465379909e-05	-2.955573e-01	1.636203e+00
1.778819214067653e-05	-2.950952e-01	1.636164e+00
1.780213962755397e-05	-2.946105e-01	1.636115e+00
1.781608711443142e-05	-2.941031e-01	1.636055e+00
1.783003460130886e-05	-2.935729e-01	1.635986e+00
1.787886272630886e-05	-2.915401e-01	1.635635e+00
1.792769085130886e-05	-2.892330e-01	1.635057e+00
1.797651897630886e-05	-2.866536e-01	1.634187e+00
1.802534710130886e-05	-2.838044e-01	1.632951e+00
1.807417522630886e-05	-2.806881e-01	1.631268e+00
1.812300335130886e-05	-2.773077e-01	1.629051e+00
1.817183147630887e-05	-2.736662e-01	1.626209e+00
1.822065960130887e-05	-2.697672e-01	1.622644e+00
1.826948772630887e-05	-2.656143e-01	1.618253e+00
1.831831585130887e-05	-2.612114e-01	1.612930e+00
1.836714397630887e-05	-2.565627e-01	1.606562e+00
1.841597210130887e-05	-2.516724e-01	1.599036e+00
1.846480022630887e-05	-2.465454e-01	1.590235e+00
1.851362835130887e-05	-2.411863e-01	1.580039e+00
1.856245647630888e-05	-2.356002e-01	1.568328e+00
1.861128460130888e-05	-2.297923e-01	1.554980e+00
1.866011272630888e-05	-2.237682e-01	1.539872e+00
1.870894085130888e-05	-2.175335e-01	1.522883e+00
1.875776897630888e-05	-2.110940e-01	1.503891e+00
1.880659710130888e-05	-2.044559e-01	1.482776e+00
1.885542522630888e-05	-1.976253e-01	1.459421e+00
1.890425335130889e-05	-1.906088e-01	1.433712e+00
1.895308147630889e-05	-1.834128e-01	1.405537e+00
1.900190960130889e-05	-1.760442e-01	1.374788e+00
1.905073772630889e-05	-1.685100e-01	1.341363e+00
1.909956585130889e-05	-1.608171e-01	1.305164e+00
1.914839397630889e-05	-1.529729e-01	1.266101e+00
1.919722210130889e-05	-1.449847e-01	1.224086e+00
1.924605022630890e-05	-1.368601e-01	1.179043e+00
1.929487835130890e-05	-1.286066e-01	1.130900e+00
1.934370647630890e-05	-1.202322e-01	1.079594e+00
1.939253460130890e-05	-1.117445e-01	1.025071e+00
1.949019085130890e-05	-9.446181e-02	9.061981e-01
1.958784710130891e-05	-7.682357e-02	7.740300e-01
1.968550335130891e-05	-5.889618e-02	6.284738e-01
1.973433147630891e-05	-4.984510e-02	5.506923e-01
1.978315960130891e-05	-4.074712e-02	4.696061e-01
1.983198772630891e-05	-3.161078e-02	3.852523e-01
1.988081585130891e-05	-2.244469e-02	2.976794e-01
1.992964397630892e-05	-1.325748e-02	2.069471e-01
1.997847210130892e-05	-4.057790e-03	1.131265e-01
2.002730022630892e-05	5.145719e-03	1.630029e-02
2.007612835130892e-05	1.434438e-02	-8.343773e-02
2.012495647630892e-05	2.352955e-02	-1.859824e-01
2.017378460130892e-05	3.269257e-02	-2.912177e-01
2.022261272630892e-05	4.182482e-02	-3.990162e-01
2.032026897630893e-05	5.996267e-02	-6.217421e-01
2.041792522630893e-05	7.787484e-02	-8.529349e-01
2.056440960130893e-05	1.041727e-01	-1.212539e+00
2.071089397630894e-05	1.295888e-01	-1.582806e+00
2.085737835130894e-05	1.539079e-01	-1.957888e+00
2.100386272630895e-05	1.769241e-01	-2.331480e+00
2.115034710130895e-05	1.984426e-01	-2.696976e+00
2.129683147630895e-05	2.182813e-01	-3.047648e+00
2.144331585130896e-05	2.362722e-01	-3.376822e+00
2.158980022630896e-05	2.522630e-01	-3.678062e+00
2.173628460130897e-05	2.661183e-01	-3.945350e+00
2.188276897630897e-05	2.777210e-01	-4.173254e+00
2.202925335130898e-05	2.869726e-01	-4.357076e+00
2.212690960130898e-05	2.917948e-01	-4.453207e+00
2.222456585130898e-05	2.955187e-01	-4.527131e+00
2.232222210130898e-05	2.981304e-01	-4.578160e+00
2.241987835130899e-05	2.996199e-01	-4.605818e+00
2.251753460130899e-05	2.999818e-01	-4.609848e+00
2.261519085130899e-05	2.992146e-01	-4.590219e+00
2.271284710130900e-05	2.973212e-01	-4.547120e+00
2.281050335130900e-05	2.943088e-01	-4.480963e+00
2.290815960130900e-05	2.901886e-01	-4.392375e+00
2.300581585130900e-05	2.849763e-01	-4.282188e+00
2.315230022630901e-05	2.751539e-01	-4.078714e+00
2.329878460130901e-05	2.630023e-01	-3.833236e+00
2.344526897630902e-05	2.486243e-01	-3.550789e+00
2.359175335130902e-05	2.321417e-01	-3.237068e+00
2.373823772630902e-05	2.136940e-01	-2.898272e+00
2.388472210130903e-05	1.934373e-01	-2.540925e+00
2.403120647630903e-05	1.715431e-01	-2.171706e+00
2.417769085130904e-05	1.481968e-01	-1.797266e+00
2.432417522630904e-05	1.235960e-01	-1.424050e+00
2.447065960130905e-05	9.794890e-02	-1.058141e+00
2.461714397630905e-05	7.147266e-02	-7.051033e-01
2.471480022630905e-05	5.347164e-02	-4.793556e-01
2.476362835130905e-05	4.439139e-02	-3.698577e-01
2.481245647630906e-05	3.526936e-02	-2.628068e-01
2.486128460130906e-05	2.611415e-02	-1.583372e-01
2.491011272630906e-05	1.693435e-02	-5.657269e-02
2.495894085130906e-05	7.738609e-03	4.237358e-02
2.500776897630906e-05	-1.464412e-03	1.383996e-01
2.505659710130906e-05	-1.066605e-02	2.314143e-01
2.510542522630906e-05	-1.985766e-02	3.213378e-01
2.515425335130907e-05	-2.903057e-02	4.081015e-01
2.520308147630907e-05	-3.817616e-02	4.916480e-01
2.525190960130907e-05	-4.728583e-02	5.719311e-01
2.530073772630907e-05	-5.635098e-02	6.489157e-01
2.539839397630907e-05	-7.431371e-02	7.929034e-01
2.549605022630907e-05	-9.199674e-02	9.235470e-01
2.554487835130908e-05	-1.007125e-01	9.838904e-01
2.559370647630908e-05	-1.093335e-01	1.040949e+00
2.564253460130908e-05	-1.178516e-01	1.094759e+00
2.569136272630908e-05	-1.262588e-01	1.145367e+00
2.574019085130908e-05	-1.345471e-01	1.192829e+00
2.578901897630908e-05	-1.427088e-01	1.237207e+00
2.583784710130908e-05	-1.507362e-01	1.278573e+00
2.588667522630909e-05	-1.586218e-01	1.317006e+00
2.593550335130909e-05	-1.663580e-01	1.352590e+00
2.598433147630909e-05	-1.739377e-01	1.385418e+00
2.603315960130909e-05	-1.813536e-01	1.415586e+00
2.608198772630909e-05	-1.885989e-01	1.443198e+00
2.613081585130909e-05	-1.956667e-01	1.468360e+00
2.617964397630909e-05	-2.025503e-01	1.491183e+00
2.622847210130910e-05	-2.092433e-01	1.511783e+00
2.627730022630910e-05	-2.157394e-01	1.530276e+00
2.632612835130910e-05	-2.220324e-01	1.546781e+00
2.637495647630910e-05	-2.281165e-01	1.561420e+00
2.642378460130910e-05	-2.339858e-01	1.574315e+00
2.647261272630910e-05	-2.396349e-01	1.585587e+00
2.652144085130910e-05	-2.450585e-01	1.595359e+00
2.657026897630911e-05	-2.502515e-01	1.603751e+00
2.661909710130911e-05	-2.552089e-01	1.610883e+00
2.666792522630911e-05	-2.599262e-01	1.616872e+00
2.671675335130911e-05	-2.643988e-01	1.621832e+00
2.676558147630911e-05	-2.686225e-01	1.625874e+00
2.681440960130911e-05	-2.725934e-01	1.629107e+00
2.686323772630911e-05	-2.763079e-01	1.631633e+00
2.691206585130912e-05	-2.797622e-01	1.633550e+00
2.696089397630912e-05	-2.829532e-01	1.634951e+00
2.700972210130912e-05	-2.858779e-01	1.635924e+00
2.705855022630912e-05	-2.885336e-01	1.636549e+00
2.710737835130912e-05	-2.909177e-01	1.636902e+00
2.715620647630912e-05	-2.930280e-01	1.637053e+00
2.720503460130912e-05	-2.948625e-01	1.637085e+00
2.725386272630913e-05	-2.964195e-01	1.637080e+00
2.733146456782698e-05	-2.983201e-01	1.637067e+00
2.740906640934485e-05	-2.995094e-01	1.637054e+00
2.748666825086270e-05	-2.999877e-01	1.637041e+00
2.756427009238056e-05	-2.997547e-01	1.637028e+00
2.764187193389842e-05	-2.988106e-01	1.637015e+00
2.771947377541628e-05	-2.971554e-01	1.637002e+00
2.779707561693414e-05	-2.947890e-01	1.636989e+00
2.780928264818414e-05	-2.943533e-01	1.636987e+00
2.781233440599664e-05	-2.942417e-01	1.636986e+00
2.781309734544976e-05	-2.942136e-01	1.636986e+00
2.781462322435601e-05	-2.941572e-01	1.636986e+00
2.781500469408258e-05	-2.941431e-01	1.636986e+00
2.781510006151422e-05	-2.941396e-01	1.636986e+00
2.782909523210748e-05	-2.936093e-01	1.636976e+00
2.784309040270074e-05	-2.930563e-01	1.636950e+00
2.785708557329400e-05	-2.924808e-01	1.636909e+00
2.787108074388727e-05	-2.918827e-01	1.636851e+00
2.788507591448053e-05	-2.912620e-01	1.636778e+00
2.789907108507379e-05	-2.906186e-01	1.636689e+00
2.791306625566705e-05	-2.899527e-01	1.636585e+00
2.796189438066705e-05	-2.874545e-01	1.636065e+00
2.801072250566705e-05	-2.846859e-01	1.635230e+00
2.805955063066706e-05	-2.816494e-01	1.633999e+00
2.810837875566706e-05	-2.783477e-01	1.632289e+00
2.815720688066706e-05	-2.747841e-01	1.630008e+00
2.820603500566706e-05	-2.709618e-01	1.627059e+00
2.825486313066706e-05	-2.668845e-01	1.623342e+00
2.830369125566706e-05	-2.625561e-01	1.618750e+00
2.835251938066706e-05	-2.579806e-01	1.613172e+00
2.840134750566707e-05	-2.531622e-01	1.606495e+00
2.845017563066707e-05	-2.481056e-01	1.598603e+00
2.849900375566707e-05	-2.428154e-01	1.589375e+00
2.854783188066707e-05	-2.372968e-01	1.578691e+00
2.859666000566707e-05	-2.315548e-01	1.566430e+00
2.864548813066707e-05	-2.255948e-01	1.552467e+00
2.869431625566707e-05	-2.194226e-01	1.536680e+00
2.874314438066708e-05	-2.130438e-01	1.518948e+00
2.879197250566708e-05	-2.064646e-01	1.499148e+00
2.884080063066708e-05	-1.996910e-01	1.477164e+00
2.888962875566708e-05	-1.927294e-01	1.452877e+00
2.893845688066708e-05	-1.855865e-01	1.426175e+00
2.898728500566708e-05	-1.782689e-01	1.396949e+00
2.903611313066708e-05	-1.707835e-01	1.365094e+00
2.908494125566709e-05	-1.631374e-01	1.330510e+00
2.913376938066709e-05	-1.553378e-01	1.293102e+00
2.918259750566709e-05	-1.473919e-01	1.252783e+00
2.923142563066709e-05	-1.393074e-01	1.209472e+00
2.928025375566709e-05	-1.310917e-01	1.163093e+00
2.932908188066709e-05	-1.227527e-01	1.113583e+00
2.937791000566709e-05	-1.142981e-01	1.060881e+00
2.942673813066710e-05	-1.057359e-01	1.004939e+00
2.952439438066710e-05	-8.832120e-02	8.831844e-01
2.962205063066710e-05	-7.057407e-02	7.481143e-01
2.971970688066710e-05	-5.256132e-02	5.996876e-01
2.976853500566710e-05	-4.347648e-02	5.204993e-01
2.981736313066711e-05	-3.435073e-02	4.380346e-01
2.986619125566711e-05	-2.519265e-02	3.523374e-01
2.991501938066711e-05	-1.601086e-02	2.634634e-01
2.996384750566711e-05	-6.813999e-03	1.714794e-01
3.001267563066711e-05	2.389275e-03	7.646360e-02
3.006150375566711e-05	1.159030e-02	-2.149441e-02
3.011033188066711e-05	2.078042e-02	-1.222937e-01
3.015916000566712e-05	2.995097e-02	-2.258224e-01
3.020798813066712e-05	3.909335e-02	-3.319575e-01
3.025681625566712e-05	4.819892e-02	-4.405652e-01
3.035447250566712e-05	6.626546e-02	-6.646114e-01
3.050095688066713e-05	9.287662e-02	-1.015296e+00
3.064744125566713e-05	1.187016e-01	-1.379086e+00
3.079392563066713e-05	1.435217e-01	-1.750400e+00
3.094041000566714e-05	1.671269e-01	-2.123132e+00
3.108689438066714e-05	1.893173e-01	-2.490807e+00
3.123337875566715e-05	2.099051e-01	-2.846746e+00
3.137986313066715e-05	2.287161e-01	-3.184246e+00
3.152634750566716e-05	2.455909e-01	-3.496760e+00
3.167283188066716e-05	2.603867e-01	-3.778082e+00
3.181931625566716e-05	2.729784e-01	-4.022517e+00
3.196580063066717e-05	2.832592e-01	-4.225039e+00
3.206345688066717e-05	2.887855e-01	-4.334654e+00
3.216111313066717e-05	2.932248e-01	-4.422731e+00
3.225876938066718e-05	2.965606e-01	-4.488447e+00
3.235642563066718e-05	2.987801e-01	-4.531188e+00
3.245408188066718e-05	2.998751e-01	-4.550553e+00
3.255173813066718e-05	2.998415e-01	-4.546366e+00
3.264939438066719e-05	2.986793e-01	-4.518672e+00
3.274705063066719e-05	2.963929e-01	-4.467737e+00
3.284470688066719e-05	2.929910e-01	-4.394048e+00
3.294236313066720e-05	2.884864e-01	-4.298304e+00
3.308884750566720e-05	2.797000e-01	-4.115356e+00
3.323533188066720e-05	2.685458e-01	-3.888693e+00
3.338181625566721e-05	2.551184e-01	-3.623005e+00
3.352830063066721e-05	2.395313e-01	-3.323709e+00
3.367478500566722e-05	2.219166e-01	-2.996793e+00
3.382126938066722e-05	2.024233e-01	-2.648644e+00
3.396775375566723e-05	1.812165e-01	-2.285883e+00
3.411423813066723e-05	1.584756e-01	-1.915173e+00
3.426072250566723e-05	1.343932e-01	-1.543052e+00
3.440720688066724e-05	1.091732e-01	-1.175759e+00
3.455369125566724e-05	8.302895e-02	-8.190793e-01
3.465134750566724e-05	6.519507e-02	-5.897819e-01
3.470017563066725e-05	5.618187e-02	-4.782063e-01
3.474900375566725e-05	4.711581e-02	-3.688917e-01
3.479783188066725e-05	3.800539e-02	-2.619853e-01
3.484666000566725e-05	2.885921e-02	-1.576235e-01
3.489548813066725e-05	1.968587e-02	-5.593264e-02
3.494431625566725e-05	1.049400e-02	4.297182e-02
3.499314438066725e-05	1.292250e-03	1.389853e-01
3.504197250566726e-05	-7.910714e-03	2.320143e-01
3.509080063066726e-05	-1.710623e-02	3.219763e-01
3.513962875566726e-05	-2.628565e-02	4.088003e-01
3.518845688066726e-05	-3.544033e-02	4.924263e-01
3.523728500566726e-05	-4.456165e-02	5.728054e-01
3.528611313066726e-05	-5.364104e-02	6.499001e-01
3.538376938066727e-05	-7.163986e-02	7.941405e-01
3.548142563066727e-05	-8.936904e-02	9.250641e-01
3.553025375566727e-05	-9.811161e-02	9.855520e-01
3.557908188066727e-05	-1.067619e-01	1.042755e+00
3.562791000566727e-05	-1.153116e-01	1.096707e+00
3.567673813066727e-05	-1.237528e-01	1.147455e+00
3.572556625566728e-05	-1.320776e-01	1.195050e+00
3.577439438066728e-05	-1.402780e-01	1.239554e+00
3.582322250566728e-05	-1.483465e-01	1.281037e+00
3.587205063066728e-05	-1.562753e-01	1.319576e+00
3.592087875566728e-05	-1.640570e-01	1.355255e+00
3.596970688066728e-05	-1.716843e-01	1.388164e+00
3.601853500566728e-05	-1.791501e-01	1.418400e+00
3.606736313066729e-05	-1.864472e-01	1.446065e+00
3.611619125566729e-05	-1.935689e-01	1.471264e+00
3.616501938066729e-05	-2.005083e-01	1.494110e+00
3.621384750566729e-05	-2.072591e-01	1.514715e+00
3.626267563066729e-05	-2.138148e-01	1.533197e+00
3.631150375566729e-05	-2.201692e-01	1.549675e+00
3.636033188066729e-05	-2.263165e-01	1.564270e+00
3.640916000566730e-05	-2.322507e-01	1.577106e+00
3.645798813066730e-05	-2.379664e-01	1.588303e+00
3.650681625566730e-05	-2.434581e-01	1.597985e+00
3.655564438066730e-05	-2.487206e-01	1.606274e+00
3.660447250566730e-05	-2.537491e-01	1.613289e+00
3.665330063066730e-05	-2.585388e-01	1.619150e+00
3.670212875566730e-05	-2.630851e-01	1.623971e+00
3.675095688066730e-05	-2.673838e-01	1.627866e+00
3.679978500566731e-05	-2.714309e-01	1.630943e+00
3.684861313066731e-05	-2.752225e-01	1.633308e+00
3.689744125566731e-05	-2.787550e-01	1.635060e+00
3.694626938066731e-05	-2.820252e-01	1.636294e+00
3.699509750566731e-05	-2.850300e-01	1.637100e+00
3.704392563066731e-05	-2.877666e-01	1.637560e+00
3.709275375566731e-05	-2.902322e-01	1.637760e+00
3.714158188066732e-05	-2.924248e-01	1.637804e+00
3.719041000566732e-05	-2.943421e-01	1.637798e+00
3.728855671674433e-05	-2.973575e-01	1.637782e+00
3.738670342782134e-05	-2.992374e-01	1.637765e+00
3.748485013889835e-05	-2.999817e-01	1.637749e+00
3.758299684997536e-05	-2.995904e-01	1.637733e+00
3.768114356105238e-05	-2.980636e-01	1.637716e+00
3.777929027212938e-05	-2.954013e-01	1.637700e+00
3.787743698320640e-05	-2.916034e-01	1.637683e+00
3.787762771806968e-05	-2.915950e-01	1.637683e+00
3.787800918779624e-05	-2.915781e-01	1.637683e+00
3.787877212724936e-05	-2.915442e-01	1.637683e+00
3.788029800615562e-05	-2.914762e-01	1.637683e+00
3.788334976396812e-05	-2.913395e-01	1.637682e+00
3.788411270342124e-05	-2.913052e-01	1.637681e+00
3.788435112200034e-05	-2.912945e-01	1.637681e+00
3.789828839093868e-05	-2.906549e-01	1.637664e+00
3.791222565987701e-05	-2.899932e-01	1.637625e+00
3.792616292881535e-05	-2.893094e-01	1.637565e+00
3.794010019775369e-05	-2.886033e-01	1.637483e+00
3.795403746669203e-05	-2.878751e-01	1.637380e+00
3.796797473563036e-05	-2.871247e-01	1.637255e+00
3.798191200456870e-05	-2.863521e-01	1.637109e+00
3.803074012956870e-05	-2.834733e-01	1.636400e+00
3.807956825456870e-05	-2.803277e-01	1.635288e+00
3.812839637956871e-05	-2.769182e-01	1.633685e+00
3.817722450456871e-05	-2.732482e-01	1.631496e+00
3.822605262956871e-05	-2.693209e-01	1.628624e+00
3.827488075456871e-05	-2.651402e-01	1.624965e+00
3.832370887956871e-05	-2.607099e-01	1.620409e+00
3.837253700456871e-05	-2.560343e-01	1.614846e+00
3.842136512956871e-05	-2.511177e-01	1.608159e+00
3.847019325456872e-05	-2.459648e-01	1.600230e+00
3.851902137956872e-05	-2.405804e-01	1.590938e+00
3.856784950456872e-05	-2.349695e-01	1.580163e+00
3.861667762956872e-05	-2.291375e-01	1.567779e+00
3.866550575456872e-05	-2.230898e-01	1.553665e+00
3.871433387956872e-05	-2.168322e-01	1.537697e+00
3.876316200456872e-05	-2.103705e-01	1.519753e+00
3.881199012956873e-05	-2.037108e-01	1.499712e+00
3.886081825456873e-05	-1.968594e-01	1.477455e+00
3.890964637956873e-05	-1.898227e-01	1.452867e+00
3.895847450456873e-05	-1.826073e-01	1.425836e+00
3.900730262956873e-05	-1.752201e-01	1.396253e+00
3.905613075456873e-05	-1.676680e-01	1.364015e+00
3.910495887956873e-05	-1.599580e-01	1.329023e+00
3.915378700456874e-05	-1.520976e-01	1.291185e+00
3.920261512956874e-05	-1.440939e-01	1.250415e+00
3.925144325456874e-05	-1.359547e-01	1.206634e+00
3.930027137956874e-05	-1.276875e-01	1.159770e+00
3.934909950456874e-05	-1.193001e-01	1.109759e+00
3.939792762956874e-05	-1.108005e-01	1.056547e+00
3.944675575456874e-05	-1.021965e-01	1.000086e+00
3.954441200456875e-05	-8.470830e-02	8.772824e-01
3.964206825456875e-05	-6.690124e-02	7.411690e-01
3.973972450456875e-05	-4.884239e-02	5.917330e-01
3.978855262956875e-05	-3.973974e-02	5.120621e-01
3.983738075456875e-05	-3.059970e-02	4.291342e-01
3.988620887956876e-05	-2.143085e-02	3.429973e-01
3.993503700456876e-05	-1.224184e-02	2.537108e-01
3.998386512956876e-05	-3.041299e-03	1.613453e-01
4.003269325456876e-05	6.162100e-03	6.598280e-02
4.008152137956876e-05	1.535970e-02	-3.228325e-02
4.013034950456876e-05	2.454284e-02	-1.333483e-01
4.017917762956876e-05	3.370289e-02	-2.370966e-01
4.022800575456877e-05	4.283121e-02	-3.434017e-01
4.027683387956877e-05	5.191923e-02	-4.521264e-01
4.037449012956877e-05	6.994015e-02	-6.762338e-01
4.052097450456877e-05	9.645703e-02	-1.026531e+00
4.066745887956878e-05	1.221574e-01	-1.389294e+00
4.081394325456878e-05	1.468237e-01	-1.758881e+00
4.096042762956879e-05	1.702471e-01	-2.129148e+00
4.110691200456879e-05	1.922293e-01	-2.493598e+00
4.125339637956880e-05	2.125842e-01	-2.845556e+00
4.139988075456880e-05	2.311396e-01	-3.178346e+00
4.154636512956880e-05	2.477384e-01	-3.485471e+00
4.169284950456881e-05	2.622400e-01	-3.760796e+00
4.183933387956881e-05	2.745217e-01	-3.998720e+00
4.198581825456882e-05	2.844796e-01	-4.194329e+00
4.208347450456882e-05	2.897846e-01	-4.299175e+00
4.218113075456882e-05	2.939990e-01	-4.382401e+00
4.227878700456882e-05	2.971068e-01	-4.443227e+00
4.237644325456883e-05	2.990964e-01	-4.481084e+00
4.247409950456883e-05	2.999603e-01	-4.495617e+00
4.257175575456883e-05	2.996951e-01	-4.486694e+00
4.266941200456884e-05	2.983020e-01	-4.454406e+00
4.276706825456884e-05	2.957862e-01	-4.399064e+00
4.286472450456884e-05	2.921571e-01	-4.321196e+00
4.296238075456884e-05	2.874283e-01	-4.221541e+00
4.310886512956885e-05	2.783135e-01	-4.033318e+00
4.325534950456885e-05	2.668427e-01	-3.802185e+00
4.340183387956886e-05	2.531130e-01	-3.532933e+00
4.354831825456886e-05	2.372407e-01	-3.231052e+00
4.369480262956887e-05	2.193601e-01	-2.902582e+00
4.384128700456887e-05	1.996225e-01	-2.553938e+00
4.398777137956887e-05	1.781952e-01	-2.191741e+00
4.413425575456888e-05	1.552594e-01	-1.822630e+00
4.428074012956888e-05	1.310092e-01	-1.453094e+00
4.442722450456889e-05	1.056501e-01	-1.089299e+00
4.457370887956889e-05	7.939664e-02	-7.369396e-01
4.467136512956889e-05	6.150695e-02	-5.109239e-01
4.472019325456889e-05	5.247105e-02	-4.010963e-01
4.476902137956890e-05	4.338577e-02	-2.935949e-01
4.481784950456890e-05	3.425965e-02	-1.885618e-01
4.486667762956890e-05	2.510129e-02	-8.612842e-02
4.491550575456890e-05	1.591931e-02	1.358401e-02
4.496433387956890e-05	6.722343e-03	1.104653e-01
4.501316200456890e-05	-2.480951e-03	2.044161e-01
4.506199012956890e-05	-1.168191e-02	2.953483e-01
4.511081825456891e-05	-2.087187e-02	3.831847e-01
4.515964637956891e-05	-3.004219e-02	4.678597e-01
4.520847450456891e-05	-3.918424e-02	5.493185e-01
4.525730262956891e-05	-4.828941e-02	6.275178e-01
4.535495887956891e-05	-6.635487e-02	7.740194e-01
4.545261512956892e-05	-8.417059e-02	9.072361e-01
4.555027137956892e-05	-1.016695e-01	1.027209e+00
4.559909950456892e-05	-1.102795e-01	1.082287e+00
4.564792762956892e-05	-1.187858e-01	1.134141e+00
4.569675575456892e-05	-1.271802e-01	1.182822e+00
4.574558387956892e-05	-1.354549e-01	1.228386e+00
4.579441200456893e-05	-1.436022e-01	1.270898e+00
4.584324012956893e-05	-1.516143e-01	1.310433e+00
4.589206825456893e-05	-1.594837e-01	1.347071e+00
4.594089637956893e-05	-1.672030e-01	1.380899e+00
4.598972450456893e-05	-1.747649e-01	1.412011e+00
4.603855262956893e-05	-1.821624e-01	1.440506e+00
4.608738075456893e-05	-1.893884e-01	1.466489e+00
4.613620887956894e-05	-1.964362e-01	1.490068e+00
4.618503700456894e-05	-2.032991e-01	1.511357e+00
4.623386512956894e-05	-2.099706e-01	1.530470e+00
4.628269325456894e-05	-2.164445e-01	1.547527e+00
4.633152137956894e-05	-2.227148e-01	1.562649e+00
4.638034950456894e-05	-2.287754e-01	1.575957e+00
4.642917762956894e-05	-2.346207e-01	1.587575e+00
4.647800575456895e-05	-2.402451e-01	1.597625e+00
4.652683387956895e-05	-2.456435e-01	1.606232e+00
4.657566200456895e-05	-2.508107e-01	1.613515e+00
4.662449012956895e-05	-2.557418e-01	1.619595e+00
4.667331825456895e-05	-2.604322e-01	1.624591e+00
4.672214637956895e-05	-2.648776e-01	1.628616e+00
4.677097450456895e-05	-2.690736e-01	1.631782e+00
4.681980262956895e-05	-2.730164e-01	1.634198e+00
4.686863075456896e-05	-2.767022e-01	1.635966e+00
4.691745887956896e-05	-2.801276e-01	1.637185e+00
4.696628700456896e-05	-2.832894e-01	1.637947e+00
4.701511512956896e-05	-2.861845e-01	1.638340e+00
4.706394325456896e-05	-2.888103e-01	1.638474e+00
4.711277137956896e-05	-2.911643e-01	1.638489e+00
4.722928313319620e-05	-2.956763e-01	1.638470e+00
4.734579488682343e-05	-2.985908e-01	1.638450e+00
4.746230664045067e-05	-2.999077e-01	1.638431e+00
4.757881839407791e-05	-2.996271e-01	1.638411e+00
4.769533014770514e-05	-2.977489e-01	1.638392e+00
4.781184190133237e-05	-2.942731e-01	1.638372e+00
4.792835365495961e-05	-2.891998e-01	1.638353e+00
4.793140541277211e-05	-2.890463e-01	1.638352e+00
4.793150078020376e-05	-2.890415e-01	1.638352e+00
4.793169151506704e-05	-2.890318e-01	1.638352e+00
4.793207298479360e-05	-2.890126e-01	1.638352e+00
4.793283592424672e-05	-2.889740e-01	1.638352e+00
4.793436180315297e-05	-2.888966e-01	1.638352e+00
4.793483864031118e-05	-2.888723e-01	1.638351e+00
4.793486844263357e-05	-2.888708e-01	1.638351e+00
4.794881763250086e-05	-2.881501e-01	1.638334e+00
4.796276682236815e-05	-2.874074e-01	1.638290e+00
4.797671601223544e-05	-2.866427e-01	1.638221e+00
4.799066520210274e-05	-2.858560e-01	1.638125e+00
4.800461439197003e-05	-2.850472e-01	1.638003e+00
4.801856358183732e-05	-2.842165e-01	1.637855e+00
4.803251277170461e-05	-2.833637e-01	1.637681e+00
4.808134089670461e-05	-2.802085e-01	1.636842e+00
4.813016902170461e-05	-2.767895e-01	1.635532e+00
4.817899714670461e-05	-2.731101e-01	1.633658e+00
4.822782527170462e-05	-2.691736e-01	1.631119e+00
4.827665339670462e-05	-2.649837e-01	1.627812e+00
4.832548152170462e-05	-2.605445e-01	1.623628e+00
4.837430964670462e-05	-2.558600e-01	1.618453e+00
4.842313777170462e-05	-2.509347e-01	1.612173e+00
4.847196589670462e-05	-2.457733e-01	1.604668e+00
4.852079402170462e-05	-2.403806e-01	1.595817e+00
4.856962214670463e-05	-2.347616e-01	1.585497e+00
4.861845027170463e-05	-2.289217e-01	1.573586e+00
4.866727839670463e-05	-2.228663e-01	1.559959e+00
4.871610652170463e-05	-2.166011e-01	1.544492e+00
4.876493464670463e-05	-2.101321e-01	1.527063e+00
4.881376277170463e-05	-2.034654e-01	1.507550e+00
4.886259089670463e-05	-1.966071e-01	1.485836e+00
4.891141902170464e-05	-1.895638e-01	1.461802e+00
4.896024714670464e-05	-1.823421e-01	1.435337e+00
4.900907527170464e-05	-1.749488e-01	1.406331e+00
4.905790339670464e-05	-1.673908e-01	1.374682e+00
4.910673152170464e-05	-1.596753e-01	1.340289e+00
4.915555964670464e-05	-1.518095e-01	1.303060e+00
4.920438777170464e-05	-1.438008e-01	1.262909e+00
4.925321589670465e-05	-1.356568e-01	1.219756e+00
4.930204402170465e-05	-1.273851e-01	1.173529e+00
4.935087214670465e-05	-1.189935e-01	1.124163e+00
4.939970027170465e-05	-1.104899e-01	1.071604e+00
4.944852839670465e-05	-1.018823e-01	1.015803e+00
4.954618464670465e-05	-8.438771e-02	8.943409e-01
4.964384089670466e-05	-6.657548e-02	7.595940e-01
4.974149714670466e-05	-4.851268e-02	6.115462e-01
4.979032527170466e-05	-3.940853e-02	5.325764e-01
4.983915339670466e-05	-3.026729e-02	4.503541e-01
4.988798152170466e-05	-2.109756e-02	3.649266e-01
4.993680964670467e-05	-1.190797e-02	2.763528e-01
4.998563777170467e-05	-2.707179e-03	1.852303e-01
5.000000000000000e-05	-1.433208e-15	1.579139e-01
