time	V(vin)	V(vo)
0.000000000000000e+00	0.000000e+00	0.000000e+00
9.765624975344167e-10	1.533981e-06	9.786397e-13
1.953124995068833e-09	3.067962e-06	1.957882e-12
9.144531226912281e-06	1.436436e-02	9.130364e-09
1.828710932882949e-05	2.872528e-02	1.847527e-08
2.742968743074671e-05	4.308581e-02	2.803667e-08
3.657226553266392e-05	5.744598e-02	3.781457e-08
4.571484363458113e-05	7.180576e-02	4.780896e-08
5.485742173649834e-05	8.616517e-02	5.801985e-08
6.399999983841553e-05	1.005242e-01	6.844724e-08
1.142711059174169e-04	1.794581e-01	1.365275e-07
1.472488836569724e-04	2.312155e-01	2.086486e-07
1.736185935153117e-04	2.725842e-01	3.256543e-07
1.946207482337056e-04	3.055191e-01	5.293107e-07
2.135555070943102e-04	3.352006e-01	9.294790e-07
2.315920328383269e-04	3.634630e-01	1.774874e-06
2.508855876485128e-04	3.936822e-01	3.732018e-06
2.685244278210756e-04	4.212971e-01	7.647166e-06
2.866319843912106e-04	4.496322e-01	1.627600e-05
3.039583544646223e-04	4.767314e-01	3.392935e-05
3.215161185225551e-04	5.041780e-01	7.179200e-05
3.387543270640673e-04	5.311102e-01	1.502539e-04
3.561411658419591e-04	5.582588e-01	3.163274e-04
3.734409998817595e-04	5.852550e-01	6.616391e-04
3.909145275802199e-04	6.125047e-01	1.383905e-03
4.085501546864259e-04	6.399885e-01	2.871404e-03
4.266886303509283e-04	6.682355e-01	5.906901e-03
4.457822482655111e-04	6.979464e-01	1.195830e-02
4.671215487993459e-04	7.311220e-01	2.390259e-02
4.939743135357903e-04	7.728223e-01	4.723458e-02
5.239117142877632e-04	8.192479e-01	8.197905e-02
5.524721705437472e-04	8.634707e-01	1.211764e-01
5.918582217272898e-04	9.243410e-01	1.796513e-01
6.387587028227038e-04	9.966393e-01	2.511673e-01
7.746487046243398e-04	1.204840e+00	4.592659e-01
1.067617454624340e-03	1.645744e+00	9.008136e-01
1.360586204624340e-03	2.072716e+00	1.328822e+00
1.653554954624340e-03	2.482142e+00	1.739662e+00
1.946523704624341e-03	2.870557e+00	2.129894e+00
2.183688883195770e-03	3.170777e+00	2.431769e+00
2.420854061767198e-03	3.449877e+00	2.712963e+00
2.658019240338627e-03	3.707859e+00	2.973476e+00
2.895184418910056e-03	3.944721e+00	3.213308e+00
3.132349597481485e-03	4.160464e+00	3.432460e+00
3.369514776052914e-03	4.355088e+00	3.630931e+00
3.606679954624342e-03	4.528593e+00	3.808721e+00
3.732237990338628e-03	4.608888e+00	3.891549e+00
3.857796026052913e-03	4.681764e+00	3.967331e+00
3.983354061767199e-03	4.747220e+00	4.036068e+00
4.108912097481484e-03	4.805256e+00	4.097759e+00
4.234470133195770e-03	4.855873e+00	4.152404e+00
4.360028168910055e-03	4.899071e+00	4.200005e+00
4.485586204624341e-03	4.934849e+00	4.240560e+00
4.680898704624340e-03	4.974896e+00	4.289730e+00
4.778554954624340e-03	4.987905e+00	4.308139e+00
4.876211204624339e-03	4.996220e+00	4.322570e+00
4.973867454624339e-03	4.999832e+00	4.333177e+00
5.071523704624339e-03	4.998738e+00	4.340160e+00
5.169179954624338e-03	4.992939e+00	4.343780e+00
5.266836204624338e-03	4.982442e+00	4.344364e+00
5.364492454624338e-03	4.967255e+00	4.342307e+00
5.462148704624337e-03	4.947393e+00	4.338056e+00
5.559804954624337e-03	4.922875e+00	4.332096e+00
5.657461204624336e-03	4.893724e+00	4.324902e+00
5.755117454624336e-03	4.859967e+00	4.316896e+00
5.852773704624336e-03	4.821636e+00	4.308412e+00
5.950429954624335e-03	4.778767e+00	4.299680e+00
6.043006160851920e-03	4.733974e+00	4.291299e+00
6.140662410851919e-03	4.682384e+00	4.282422e+00
6.238318660851919e-03	4.626389e+00	4.273543e+00
6.335974910851918e-03	4.566038e+00	4.264676e+00
6.433631160851918e-03	4.501390e+00	4.255824e+00
6.531287410851918e-03	4.432506e+00	4.246991e+00
6.628943660851917e-03	4.359450e+00	4.238175e+00
6.726599910851917e-03	4.282291e+00	4.229379e+00
6.991666875137630e-03	4.047635e+00	4.205595e+00
7.256733839423345e-03	3.789867e+00	4.181943e+00
7.521800803709058e-03	3.508987e+00	4.158423e+00
7.786867767994771e-03	3.204995e+00	4.135035e+00
8.051934732280485e-03	2.877891e+00	4.111779e+00
8.317001696566198e-03	2.527676e+00	4.088655e+00
8.582068660851911e-03	2.154348e+00	4.065663e+00
8.735528482280482e-03	1.933063e+00	4.052410e+00
8.888988303709053e-03	1.708610e+00	4.039200e+00
9.042448125137624e-03	1.480992e+00	4.026032e+00
9.195907946566195e-03	1.250207e+00	4.012908e+00
9.349367767994766e-03	1.016256e+00	3.999827e+00
9.502827589423337e-03	7.791379e-01	3.986788e+00
9.656287410851908e-03	5.388539e-01	3.973793e+00
9.949256160851907e-03	7.970486e-02	3.949099e+00
1.024222491085191e-02	-3.801189e-01	3.924560e+00
1.039568473228048e-02	-6.213040e-01	3.911767e+00
1.054914455370905e-02	-8.596797e-01	3.899015e+00
1.070260437513762e-02	-1.095246e+00	3.886305e+00
1.085606419656619e-02	-1.328003e+00	3.873636e+00
1.100952401799476e-02	-1.557951e+00	3.861009e+00
1.116298383942333e-02	-1.785089e+00	3.848422e+00
1.131644366085190e-02	-2.009418e+00	3.835878e+00
1.158151062513762e-02	-2.388914e+00	3.814307e+00
1.184657758942333e-02	-2.746122e+00	3.792856e+00
1.211164455370904e-02	-3.081041e+00	3.771524e+00
1.237671151799476e-02	-3.393672e+00	3.750312e+00
1.264177848228047e-02	-3.684014e+00	3.729220e+00
1.290684544656618e-02	-3.952069e+00	3.708247e+00
1.317191241085190e-02	-4.197835e+00	3.687394e+00
1.374389901799475e-02	-4.617614e+00	3.642807e+00
1.431588562513761e-02	-4.882174e+00	3.598743e+00
1.488787223228047e-02	-4.991513e+00	3.555202e+00
1.545985883942333e-02	-4.945632e+00	3.512185e+00
1.603184544656619e-02	-4.744530e+00	3.469692e+00
1.660383205370905e-02	-4.388209e+00	3.427722e+00
1.717581866085191e-02	-3.876667e+00	3.386275e+00
1.741298383942334e-02	-3.626786e+00	3.369232e+00
1.765014901799477e-02	-3.360737e+00	3.352274e+00
1.788731419656620e-02	-3.078519e+00	3.335400e+00
1.812447937513764e-02	-2.780133e+00	3.318611e+00
1.836164455370907e-02	-2.465579e+00	3.301906e+00
1.859880973228050e-02	-2.134856e+00	3.285287e+00
1.883597491085193e-02	-1.787965e+00	3.268752e+00
1.897548383942336e-02	-1.580641e+00	3.259064e+00
1.911499276799479e-02	-1.371298e+00	3.249405e+00
1.925450169656622e-02	-1.159936e+00	3.239774e+00
1.939401062513765e-02	-9.465544e-01	3.230171e+00
1.953351955370908e-02	-7.311539e-01	3.220598e+00
1.967302848228051e-02	-5.137342e-01	3.211052e+00
1.981253741085194e-02	-2.942953e-01	3.201535e+00
2.020316241085195e-02	3.189102e-01	3.175037e+00
2.035662223228052e-02	5.603768e-01	3.164688e+00
2.051008205370910e-02	7.991722e-01	3.154372e+00
2.066354187513767e-02	1.035297e+00	3.144089e+00
2.081700169656624e-02	1.268750e+00	3.133840e+00
2.097046151799482e-02	1.499532e+00	3.123624e+00
2.112392133942339e-02	1.727643e+00	3.113442e+00
2.127738116085197e-02	1.953082e+00	3.103293e+00
2.138898830370911e-02	2.113703e+00	3.095933e+00
2.150059544656625e-02	2.271253e+00	3.088590e+00
2.161220258942340e-02	2.425731e+00	3.081265e+00
2.172380973228054e-02	2.577138e+00	3.073956e+00
2.183541687513769e-02	2.725474e+00	3.066666e+00
2.194702401799483e-02	2.870739e+00	3.059392e+00
2.205863116085198e-02	3.012932e+00	3.052136e+00
2.215628741085198e-02	3.133915e+00	3.045801e+00
2.225394366085198e-02	3.251948e+00	3.039479e+00
2.235159991085198e-02	3.366921e+00	3.033178e+00
2.244925616085198e-02	3.478725e+00	3.026922e+00
2.249503640591394e-02	3.530016e+00	3.024063e+00
2.253055605068874e-02	3.569310e+00	3.021987e+00
2.255600920584899e-02	3.597194e+00	3.020735e+00
2.258287617804280e-02	3.626378e+00	3.019918e+00
2.260785164558559e-02	3.653275e+00	3.020121e+00
2.263433314636668e-02	3.681548e+00	3.022379e+00
2.266407282058782e-02	3.712996e+00	3.029477e+00
2.270636423725696e-02	3.757159e+00	3.048491e+00
2.274063808029406e-02	3.792463e+00	3.071595e+00
2.277993553316713e-02	3.832400e+00	3.105149e+00
2.283221145128657e-02	3.884620e+00	3.154427e+00
2.289036900312858e-02	3.941485e+00	3.210816e+00
2.295441263080378e-02	4.002581e+00	3.272314e+00
2.312072472305628e-02	4.154440e+00	3.426204e+00
2.328703681530877e-02	4.294105e+00	3.568319e+00
2.345334890756127e-02	4.421578e+00	3.698660e+00
2.361966099981377e-02	4.536857e+00	3.817226e+00
2.378597309206627e-02	4.639943e+00	3.924018e+00
2.395228518431877e-02	4.730836e+00	4.019035e+00
2.411859727657126e-02	4.809536e+00	4.102278e+00
2.420230263371412e-02	4.843859e+00	4.139103e+00
2.428600799085698e-02	4.874785e+00	4.172809e+00
2.436971334799984e-02	4.902315e+00	4.203396e+00
2.445341870514270e-02	4.926449e+00	4.230864e+00
2.453712406228556e-02	4.947187e+00	4.255214e+00
2.462082941942842e-02	4.964529e+00	4.276445e+00
2.470453477657127e-02	4.978475e+00	4.294557e+00
2.480219102657127e-02	4.990348e+00	4.311991e+00
2.489984727657128e-02	4.997525e+00	4.325481e+00
2.499750352657128e-02	4.999999e+00	4.335190e+00
2.509515977657128e-02	4.997766e+00	4.341333e+00
2.519281602657128e-02	4.990829e+00	4.344185e+00
2.529047227657128e-02	4.979196e+00	4.344091e+00
2.538812852657128e-02	4.962876e+00	4.341459e+00
2.548578477657128e-02	4.941885e+00	4.336750e+00
2.558344102657129e-02	4.916244e+00	4.330449e+00
2.568109727657129e-02	4.885975e+00	4.323023e+00
2.577875352657129e-02	4.851108e+00	4.314875e+00
2.587640977657129e-02	4.811675e+00	4.306313e+00
2.597406602657129e-02	4.767713e+00	4.297544e+00
2.607172227657129e-02	4.719264e+00	4.288689e+00
2.616937852657129e-02	4.666374e+00	4.279810e+00
2.626703477657129e-02	4.609092e+00	4.270933e+00
2.636469102657130e-02	4.547472e+00	4.262070e+00
2.646234727657130e-02	4.481572e+00	4.253224e+00
2.656000352657130e-02	4.411454e+00	4.244396e+00
2.665765977657130e-02	4.337183e+00	4.235586e+00
2.685297227657130e-02	4.176472e+00	4.218021e+00
2.711803924085702e-02	3.928019e+00	4.194301e+00
2.738310620514274e-02	3.657483e+00	4.170713e+00
2.764817316942846e-02	3.364865e+00	4.147256e+00
2.791324013371418e-02	3.050164e+00	4.123931e+00
2.817830709799989e-02	2.713380e+00	4.100737e+00
2.844337406228561e-02	2.354513e+00	4.077675e+00
2.870844102657133e-02	1.973564e+00	4.054745e+00
2.886190084799990e-02	1.748523e+00	4.041527e+00
2.901536066942848e-02	1.520762e+00	4.028353e+00
2.916882049085705e-02	1.290278e+00	4.015221e+00
2.932228031228562e-02	1.057074e+00	4.002132e+00
2.947574013371420e-02	8.211480e-01	3.989086e+00
2.962919995514277e-02	5.825007e-01	3.976082e+00
2.978265977657134e-02	3.411320e-01	3.963121e+00
3.027094102657135e-02	-4.250794e-01	3.922162e+00
3.042440084799992e-02	-6.660344e-01	3.909376e+00
3.057786066942850e-02	-9.040788e-01	3.896633e+00
3.073132049085707e-02	-1.139212e+00	3.883930e+00
3.088478031228565e-02	-1.371435e+00	3.871269e+00
3.103824013371422e-02	-1.600748e+00	3.858649e+00
3.119169995514279e-02	-1.827149e+00	3.846071e+00
3.134515977657137e-02	-2.050640e+00	3.833534e+00
3.161022674085708e-02	-2.428429e+00	3.811976e+00
3.187529370514280e-02	-2.783695e+00	3.790538e+00
3.214036066942852e-02	-3.116437e+00	3.769220e+00
3.240542763371424e-02	-3.426655e+00	3.748021e+00
3.267049459799996e-02	-3.714350e+00	3.726942e+00
3.293556156228568e-02	-3.979521e+00	3.705982e+00
3.320062852657139e-02	-4.222168e+00	3.685142e+00
3.377261513371426e-02	-4.634131e+00	3.640581e+00
3.434460174085712e-02	-4.890956e+00	3.596544e+00
3.491658834799999e-02	-4.992644e+00	3.553030e+00
3.548857495514286e-02	-4.939194e+00	3.510040e+00
3.606056156228572e-02	-4.730607e+00	3.467572e+00
3.663254816942858e-02	-4.366883e+00	3.425628e+00
3.720453477657145e-02	-3.848022e+00	3.384206e+00
3.744169995514288e-02	-3.595598e+00	3.367173e+00
3.767886513371432e-02	-3.327209e+00	3.350225e+00
3.791603031228575e-02	-3.042853e+00	3.333362e+00
3.815319549085718e-02	-2.742531e+00	3.316583e+00
3.839036066942861e-02	-2.426243e+00	3.299889e+00
3.862752584800004e-02	-2.093989e+00	3.283280e+00
3.886469102657147e-02	-1.745769e+00	3.266755e+00
3.900419995514291e-02	-1.537785e+00	3.257073e+00
3.914370888371434e-02	-1.327866e+00	3.247419e+00
3.928321781228577e-02	-1.116013e+00	3.237794e+00
3.942272674085719e-02	-9.022253e-01	3.228198e+00
3.956223566942862e-02	-6.865031e-01	3.218630e+00
3.970174459800006e-02	-4.688463e-01	3.209090e+00
3.984125352657149e-02	-2.492550e-01	3.199579e+00
3.991100799085720e-02	-1.396386e-01	3.194834e+00
3.998076245514292e-02	-3.008664e-02	3.190096e+00
4.005051691942863e-02	7.940101e-02	3.185365e+00
4.012027138371435e-02	1.888243e-01	3.180641e+00
4.019002584800006e-02	2.981832e-01	3.175924e+00
4.025978031228578e-02	4.074777e-01	3.171214e+00
4.032953477657149e-02	5.167079e-01	3.166511e+00
4.049694549085721e-02	7.791846e-01	3.155253e+00
4.066435620514293e-02	1.037751e+00	3.144034e+00
4.083176691942864e-02	1.292407e+00	3.132855e+00
4.099917763371436e-02	1.543152e+00	3.121716e+00
4.116658834800008e-02	1.789987e+00	3.110616e+00
4.133399906228580e-02	2.032911e+00	3.099556e+00
4.150140977657151e-02	2.271925e+00	3.088536e+00
4.158511513371437e-02	2.388447e+00	3.083040e+00
4.166882049085723e-02	2.503122e+00	3.077554e+00
4.175252584800009e-02	2.615951e+00	3.072078e+00
4.183623120514295e-02	2.726934e+00	3.066612e+00
4.191993656228581e-02	2.836071e+00	3.061155e+00
4.200364191942866e-02	2.943362e+00	3.055708e+00
4.208734727657152e-02	3.048807e+00	3.050271e+00
4.218500352657152e-02	3.168934e+00	3.043940e+00
4.228265977657152e-02	3.286079e+00	3.037623e+00
4.238031602657152e-02	3.400131e+00	3.031337e+00
4.247797227657153e-02	3.510983e+00	3.025232e+00
4.254708802269982e-02	3.587447e+00	3.021374e+00
4.258113383164885e-02	3.624493e+00	3.020170e+00
4.261025503892533e-02	3.655851e+00	3.020491e+00
4.263971566207281e-02	3.687264e+00	3.023438e+00
4.267026118150080e-02	3.719500e+00	3.031907e+00
4.271772445596030e-02	3.768909e+00	3.056037e+00
4.275516614367703e-02	3.807295e+00	3.083392e+00
4.279442730666751e-02	3.846981e+00	3.118392e+00
4.284649241706934e-02	3.898705e+00	3.168227e+00
4.290773961708064e-02	3.958215e+00	3.227608e+00
4.297628718418290e-02	4.023079e+00	3.292977e+00
4.315764879132576e-02	4.186649e+00	3.458833e+00
4.333901039846862e-02	4.335564e+00	3.610550e+00
4.352037200561148e-02	4.469824e+00	3.748130e+00
4.370173361275434e-02	4.589428e+00	3.871571e+00
4.388309521989720e-02	4.694378e+00	3.980874e+00
4.406445682704006e-02	4.784673e+00	4.076039e+00
4.424581843418292e-02	4.860312e+00	4.157065e+00
4.453878718418292e-02	4.947606e+00	4.255611e+00
4.473409968418292e-02	4.982565e+00	4.300260e+00
4.483175593418293e-02	4.993017e+00	4.316485e+00
4.492941218418293e-02	4.998771e+00	4.328811e+00
4.502706843418293e-02	4.999819e+00	4.337415e+00
4.512472468418293e-02	4.996162e+00	4.342529e+00
4.522238093418293e-02	4.987803e+00	4.344449e+00
4.532003718418293e-02	4.974749e+00	4.343540e+00
4.541769343418293e-02	4.957014e+00	4.340229e+00
4.551534968418294e-02	4.934612e+00	4.334986e+00
4.561300593418294e-02	4.907567e+00	4.328298e+00
4.571066218418294e-02	4.875903e+00	4.320614e+00
4.580831843418294e-02	4.839650e+00	4.312314e+00
4.590597468418294e-02	4.798841e+00	4.303671e+00
4.600363093418294e-02	4.753517e+00	4.294867e+00
4.610128718418294e-02	4.703719e+00	4.286000e+00
4.619894343418295e-02	4.649493e+00	4.277120e+00
4.629659968418295e-02	4.590892e+00	4.268247e+00
4.639425593418295e-02	4.527969e+00	4.259388e+00
4.649191218418295e-02	4.460786e+00	4.250548e+00
4.658956843418295e-02	4.389404e+00	4.241725e+00
4.668722468418295e-02	4.313890e+00	4.232921e+00
4.698019343418296e-02	4.063294e+00	4.206617e+00
4.723130950561153e-02	3.816393e+00	4.184203e+00
4.748242557704010e-02	3.550246e+00	4.161907e+00
4.773354164846868e-02	3.264852e+00	4.139729e+00
4.798465771989726e-02	2.960212e+00	4.117668e+00
4.823577379132583e-02	2.636324e+00	4.095725e+00
4.848688986275441e-02	2.293190e+00	4.073901e+00
4.873800593418298e-02	1.930810e+00	4.052194e+00
4.889146575561155e-02	1.704942e+00	4.038985e+00
4.904492557704013e-02	1.476457e+00	4.025818e+00
4.919838539846870e-02	1.245356e+00	4.012695e+00
4.935184521989728e-02	1.011639e+00	3.999614e+00
4.950530504132585e-02	7.753042e-01	3.986576e+00
4.965876486275442e-02	5.363533e-01	3.973580e+00
4.981222468418300e-02	2.947857e-01	3.960628e+00
5.020284968418300e-02	-3.184199e-01	3.927846e+00
5.035630950561158e-02	-5.598886e-01	3.915043e+00
5.050976932704015e-02	-7.986873e-01	3.902281e+00
5.066322914846872e-02	-1.034816e+00	3.889560e+00
5.081668896989730e-02	-1.268274e+00	3.876880e+00
5.097014879132587e-02	-1.499063e+00	3.864242e+00
5.112360861275445e-02	-1.727181e+00	3.851646e+00
5.127706843418302e-02	-1.952630e+00	3.839090e+00
5.154213539846873e-02	-2.334415e+00	3.817502e+00
5.180720236275446e-02	-2.694238e+00	3.796033e+00
5.207226932704017e-02	-3.032098e+00	3.774683e+00
5.233733629132589e-02	-3.347996e+00	3.753453e+00
5.260240325561161e-02	-3.641931e+00	3.732343e+00
5.286747021989733e-02	-3.913904e+00	3.711353e+00
5.313253718418304e-02	-4.163914e+00	3.690483e+00
5.371847468418305e-02	-4.602181e+00	3.644777e+00
5.430441218418306e-02	-4.877896e+00	3.599621e+00
5.489034968418307e-02	-4.991060e+00	3.555013e+00
5.547628718418308e-02	-4.941672e+00	3.510955e+00
5.606222468418309e-02	-4.729734e+00	3.467447e+00
5.664816218418309e-02	-4.355244e+00	3.424487e+00
5.723409968418310e-02	-3.818203e+00	3.382077e+00
5.747126486275454e-02	-3.563183e+00	3.365055e+00
5.770843004132597e-02	-3.292407e+00	3.348117e+00
5.794559521989740e-02	-3.005874e+00	3.331264e+00
5.818276039846883e-02	-2.703584e+00	3.314496e+00
5.841992557704026e-02	-2.385538e+00	3.297813e+00
5.865709075561169e-02	-2.051736e+00	3.281214e+00
5.889425593418313e-02	-1.702176e+00	3.264699e+00
5.903376486275456e-02	-1.493530e+00	3.255023e+00
5.917327379132599e-02	-1.283037e+00	3.245376e+00
5.931278271989742e-02	-1.070697e+00	3.235757e+00
5.945229164846885e-02	-8.565090e-01	3.226167e+00
5.959180057704028e-02	-6.404741e-01	3.216605e+00
5.973130950561171e-02	-4.225918e-01	3.207071e+00
5.987081843418314e-02	-2.028622e-01	3.197566e+00
6.026144343418315e-02	4.102128e-01	3.171101e+00
6.041490325561172e-02	6.512460e-01	3.160764e+00
6.056836307704029e-02	8.894021e-01	3.150461e+00
6.072182289846886e-02	1.124681e+00	3.140191e+00
6.087528271989744e-02	1.357083e+00	3.129954e+00
6.102874254132602e-02	1.586607e+00	3.119751e+00
6.118220236275459e-02	1.813254e+00	3.109582e+00
6.133566218418316e-02	2.037024e+00	3.099446e+00
6.143331843418316e-02	2.176449e+00	3.093012e+00
6.153097468418316e-02	2.313508e+00	3.086592e+00
6.162863093418317e-02	2.448204e+00	3.080186e+00
6.172628718418317e-02	2.580535e+00	3.073793e+00
6.182394343418317e-02	2.710502e+00	3.067412e+00
6.192159968418317e-02	2.838105e+00	3.061046e+00
6.201925593418317e-02	2.963343e+00	3.054692e+00
6.211691218418317e-02	3.085483e+00	3.048352e+00
6.221456843418317e-02	3.204719e+00	3.042025e+00
6.231222468418317e-02	3.320939e+00	3.035713e+00
6.240988093418318e-02	3.434033e+00	3.029462e+00
6.250753718418317e-02	3.543896e+00	3.023540e+00
6.256668403344556e-02	3.608820e+00	3.020738e+00
6.260251343830084e-02	3.647545e+00	3.020486e+00
6.263595868030568e-02	3.683275e+00	3.023099e+00
6.266677043678522e-02	3.715833e+00	3.030590e+00
6.270885065205767e-02	3.759735e+00	3.050081e+00
6.274325715974792e-02	3.795143e+00	3.073707e+00
6.278250795316723e-02	3.834994e+00	3.107529e+00
6.283765253560022e-02	3.889996e+00	3.159703e+00
6.290481151746267e-02	3.955403e+00	3.224789e+00
6.296698478924280e-02	4.014385e+00	3.284234e+00
6.314834639638564e-02	4.178644e+00	3.450732e+00
6.332970800352850e-02	4.328268e+00	3.603116e+00
6.351106961067134e-02	4.463257e+00	3.741384e+00
6.369243121781419e-02	4.583610e+00	3.865537e+00
6.387379282495703e-02	4.689329e+00	3.975576e+00
6.405515443209989e-02	4.780413e+00	4.071499e+00
6.423651603924273e-02	4.856862e+00	4.153306e+00
6.432022139638557e-02	4.886450e+00	4.185654e+00
6.440392675352843e-02	4.912622e+00	4.214924e+00
6.448763211067128e-02	4.935377e+00	4.241117e+00
6.457133746781414e-02	4.954714e+00	4.264232e+00
6.465504282495699e-02	4.970635e+00	4.284269e+00
6.473874818209985e-02	4.983138e+00	4.301228e+00
6.482245353924269e-02	4.992224e+00	4.315110e+00
6.492010978924269e-02	4.998425e+00	4.327800e+00
6.501776603924268e-02	4.999922e+00	4.336750e+00
6.511542228924268e-02	4.996713e+00	4.342185e+00
6.521307853924267e-02	4.988801e+00	4.344395e+00
6.531073478924267e-02	4.976195e+00	4.343738e+00
6.540839103924266e-02	4.958904e+00	4.340635e+00
6.550604728924266e-02	4.936947e+00	4.335556e+00
6.560370353924265e-02	4.910343e+00	4.328985e+00
6.570135978924264e-02	4.879117e+00	4.321379e+00
6.579901603924264e-02	4.843300e+00	4.313123e+00
6.589667228924263e-02	4.802924e+00	4.304504e+00
6.599432853924263e-02	4.758028e+00	4.295710e+00
6.609198478924262e-02	4.708654e+00	4.286846e+00
6.618964103924262e-02	4.654848e+00	4.277966e+00
6.628729728924261e-02	4.596661e+00	4.269092e+00
6.638495353924261e-02	4.534148e+00	4.260232e+00
6.648260978924260e-02	4.467368e+00	4.251390e+00
6.658026603924259e-02	4.396382e+00	4.242565e+00
6.667792228924259e-02	4.321260e+00	4.233759e+00
6.687323478924258e-02	4.158888e+00	4.216202e+00
6.712435086067113e-02	3.922714e+00	4.193736e+00
6.737546693209970e-02	3.666492e+00	4.171389e+00
6.762658300352825e-02	3.390223e+00	4.149160e+00
6.787769907495680e-02	3.093906e+00	4.127050e+00
6.812881514638536e-02	2.777541e+00	4.105057e+00
6.837993121781392e-02	2.441129e+00	4.083182e+00
6.863104728924248e-02	2.084668e+00	4.061426e+00
6.878450711067104e-02	1.861886e+00	4.048187e+00
6.893796693209961e-02	1.636109e+00	4.034991e+00
6.909142675352817e-02	1.407337e+00	4.021837e+00
6.924488657495673e-02	1.175571e+00	4.008726e+00
6.939834639638529e-02	9.408102e-01	3.995659e+00
6.955180621781386e-02	7.030552e-01	3.982634e+00
6.970526603924242e-02	4.623058e-01	3.969651e+00
6.999823478924240e-02	2.772786e-03	3.944984e+00
7.009589103924239e-02	-1.509616e-01	3.936796e+00
7.019354728924239e-02	-3.041948e-01	3.928624e+00
7.029120353924238e-02	-4.569268e-01	3.920470e+00
7.038885978924238e-02	-6.091576e-01	3.912332e+00
7.048651603924237e-02	-7.608871e-01	3.904212e+00
7.058417228924237e-02	-9.121153e-01	3.896108e+00
7.068182853924236e-02	-1.062842e+00	3.888021e+00
7.089109193209950e-02	-1.384752e+00	3.870749e+00
7.110035532495662e-02	-1.697420e+00	3.853553e+00
7.130961871781376e-02	-2.000846e+00	3.836433e+00
7.151888211067088e-02	-2.295030e+00	3.819389e+00
7.172814550352802e-02	-2.579973e+00	3.802421e+00
7.193740889638514e-02	-2.855673e+00	3.785528e+00
7.214667228924228e-02	-3.122132e+00	3.768712e+00
7.248149371781369e-02	-3.522767e+00	3.741963e+00
7.281631514638509e-02	-3.876235e+00	3.715400e+00
7.315113657495650e-02	-4.182535e+00	3.689024e+00
7.348595800352792e-02	-4.441669e+00	3.662835e+00
7.382077943209933e-02	-4.653635e+00	3.636832e+00
7.415560086067073e-02	-4.818434e+00	3.611016e+00
7.449042228924214e-02	-4.936066e+00	3.585386e+00
7.490894907495640e-02	-4.991277e+00	3.553606e+00
7.532747586067066e-02	-4.965564e+00	3.522103e+00
7.574600264638492e-02	-4.858928e+00	3.490875e+00
7.616452943209920e-02	-4.671368e+00	3.459922e+00
7.658305621781346e-02	-4.402884e+00	3.429245e+00
7.700158300352772e-02	-4.053477e+00	3.398844e+00
7.742010978924198e-02	-3.623147e+00	3.368719e+00
7.764332407495625e-02	-3.369260e+00	3.352759e+00
7.786653836067052e-02	-3.102283e+00	3.336873e+00
7.808975264638479e-02	-2.822215e+00	3.321063e+00
7.831296693209908e-02	-2.529057e+00	3.305327e+00
7.853618121781335e-02	-2.222809e+00	3.289666e+00
7.875939550352762e-02	-1.903470e+00	3.274080e+00
7.898260978924189e-02	-1.571041e+00	3.258568e+00
7.910816782495617e-02	-1.381879e+00	3.249875e+00
7.923372586067044e-02	-1.191315e+00	3.241205e+00
7.935928389638472e-02	-9.993489e-01	3.232557e+00
7.948484193209901e-02	-8.059803e-01	3.223933e+00
7.961039996781329e-02	-6.112096e-01	3.215332e+00
7.973595800352756e-02	-4.150366e-01	3.206754e+00
7.986151603924184e-02	-2.174615e-01	3.198199e+00
7.993127050352755e-02	-1.078202e-01	3.193456e+00
8.000102496781326e-02	1.741453e-03	3.188720e+00
8.007077943209898e-02	1.112235e-01	3.183991e+00
8.014053389638467e-02	2.206258e-01	3.179269e+00
8.021028836067039e-02	3.299485e-01	3.174554e+00
8.028004282495610e-02	4.391916e-01	3.169846e+00
8.034979728924181e-02	5.483550e-01	3.165145e+00
8.051720800352752e-02	8.106067e-01	3.153892e+00
8.068461871781323e-02	1.068864e+00	3.142678e+00
8.085202943209893e-02	1.323127e+00	3.131504e+00
8.101944014638462e-02	1.573395e+00	3.120369e+00
8.118685086067033e-02	1.819668e+00	3.109274e+00
8.135426157495604e-02	2.061947e+00	3.098219e+00
8.152167228924175e-02	2.300232e+00	3.087204e+00
8.160537764638459e-02	2.416360e+00	3.081710e+00
8.168908300352745e-02	2.530623e+00	3.076227e+00
8.177278836067030e-02	2.643022e+00	3.070753e+00
8.185649371781316e-02	2.753556e+00	3.065289e+00
8.194019907495600e-02	2.862226e+00	3.059835e+00
8.202390443209887e-02	2.969031e+00	3.054390e+00
8.210760978924171e-02	3.073972e+00	3.048955e+00
8.220526603924171e-02	3.193489e+00	3.042627e+00
8.230292228924170e-02	3.310001e+00	3.036313e+00
8.240057853924170e-02	3.423398e+00	3.030048e+00
8.249823478924169e-02	3.533573e+00	3.024081e+00
8.256369414375875e-02	3.605568e+00	3.020884e+00
8.260153203255831e-02	3.646490e+00	3.020524e+00
8.263564666143762e-02	3.682944e+00	3.023119e+00
8.266688861736239e-02	3.715957e+00	3.030660e+00
8.270859010803640e-02	3.759465e+00	3.049905e+00
8.274276055357579e-02	3.794635e+00	3.073320e+00
8.278209719116907e-02	3.834580e+00	3.107161e+00
8.283672369896160e-02	3.889079e+00	3.158806e+00
8.290467115764553e-02	3.955268e+00	3.224655e+00
8.296624356973059e-02	4.013691e+00	3.283535e+00
8.314760517687343e-02	4.178005e+00	3.450085e+00
8.332896678401629e-02	4.327685e+00	3.602522e+00
8.351032839115913e-02	4.462732e+00	3.740845e+00
8.369168999830198e-02	4.583145e+00	3.865055e+00
8.387305160544482e-02	4.688925e+00	3.975152e+00
8.405441321258768e-02	4.780071e+00	4.071135e+00
8.423577481973052e-02	4.856585e+00	4.153005e+00
8.431948017687337e-02	4.886203e+00	4.185381e+00
8.440318553401623e-02	4.912405e+00	4.214679e+00
8.448689089115907e-02	4.935190e+00	4.240899e+00
8.457059624830193e-02	4.954558e+00	4.264041e+00
8.465430160544478e-02	4.970509e+00	4.284105e+00
8.473800696258764e-02	4.983042e+00	4.301091e+00
8.482171231973049e-02	4.992159e+00	4.314999e+00
8.491936856973048e-02	4.998396e+00	4.327718e+00
8.501702481973047e-02	4.999928e+00	4.336696e+00
8.511468106973047e-02	4.996755e+00	4.342156e+00
8.521233731973046e-02	4.988879e+00	4.344389e+00
8.530999356973046e-02	4.976308e+00	4.343752e+00
8.540764981973045e-02	4.959053e+00	4.340667e+00
8.550530606973045e-02	4.937131e+00	4.335601e+00
8.560296231973044e-02	4.910562e+00	4.329039e+00
8.570061856973044e-02	4.879372e+00	4.321439e+00
8.579827481973043e-02	4.843589e+00	4.313188e+00
8.589593106973042e-02	4.803247e+00	4.304571e+00
8.599358731973042e-02	4.758386e+00	4.295777e+00
8.609124356973041e-02	4.709045e+00	4.286914e+00
8.618889981973041e-02	4.655273e+00	4.278033e+00
8.628655606973040e-02	4.597119e+00	4.269159e+00
8.638421231973040e-02	4.534638e+00	4.260299e+00
8.648186856973039e-02	4.467890e+00	4.251456e+00
8.657952481973039e-02	4.396937e+00	4.242632e+00
8.667718106973038e-02	4.321846e+00	4.233826e+00
8.687249356973037e-02	4.159534e+00	4.216269e+00
8.712360964115892e-02	3.923435e+00	4.193803e+00
8.737472571258749e-02	3.667283e+00	4.171455e+00
8.762584178401604e-02	3.391078e+00	4.149226e+00
8.787695785544460e-02	3.094820e+00	4.127115e+00
8.812807392687315e-02	2.778509e+00	4.105122e+00
8.837918999830172e-02	2.442144e+00	4.083247e+00
8.863030606973027e-02	2.085727e+00	4.061490e+00
8.878376589115883e-02	1.862966e+00	4.048251e+00
8.893722571258740e-02	1.637209e+00	4.035054e+00
8.909068553401596e-02	1.408454e+00	4.021901e+00
8.924414535544452e-02	1.176702e+00	4.008790e+00
8.939760517687308e-02	9.419537e-01	3.995722e+00
8.955106499830165e-02	7.042079e-01	3.982697e+00
8.970452481973021e-02	4.634651e-01	3.969714e+00
8.999749356973019e-02	3.937091e-03	3.945046e+00
9.009514981973019e-02	-1.497979e-01	3.936858e+00
9.019280606973018e-02	-3.030327e-01	3.928686e+00
9.029046231973017e-02	-4.557674e-01	3.920532e+00
9.038811856973017e-02	-6.080019e-01	3.912394e+00
9.048577481973016e-02	-7.597363e-01	3.904273e+00
9.058343106973016e-02	-9.109705e-01	3.896169e+00
9.068108731973015e-02	-1.061705e+00	3.888082e+00
9.089035071258729e-02	-1.383633e+00	3.870810e+00
9.109961410544441e-02	-1.696325e+00	3.853614e+00
9.130887749830155e-02	-1.999779e+00	3.836494e+00
9.151814089115867e-02	-2.293996e+00	3.819449e+00
9.172740428401581e-02	-2.578975e+00	3.802481e+00
9.193666767687293e-02	-2.854718e+00	3.785588e+00
9.214593106973007e-02	-3.121223e+00	3.768771e+00
9.241099803401577e-02	-3.439610e+00	3.747578e+00
9.267606499830147e-02	-3.729713e+00	3.726502e+00
9.294113196258717e-02	-3.991532e+00	3.705544e+00
9.320619892687286e-02	-4.225066e+00	3.684703e+00
9.347126589115856e-02	-4.430316e+00	3.663980e+00
9.373633285544426e-02	-4.607281e+00	3.643374e+00
9.400139981972996e-02	-4.755961e+00	3.622886e+00
9.409905606972996e-02	-4.801054e+00	3.615366e+00
9.454548464115850e-02	-4.944230e+00	3.581196e+00
9.499191321258706e-02	-4.993362e+00	3.547341e+00
9.543834178401560e-02	-4.948450e+00	3.513801e+00
9.588477035544414e-02	-4.809495e+00	3.480578e+00
9.633119892687270e-02	-4.576497e+00	3.447670e+00
9.677762749830124e-02	-4.249455e+00	3.415077e+00
9.722405606972978e-02	-3.828370e+00	3.382800e+00
9.746122124830120e-02	-3.574230e+00	3.365774e+00
9.769838642687260e-02	-3.304262e+00	3.348833e+00
9.793555160544402e-02	-3.018466e+00	3.331977e+00
9.817271678401544e-02	-2.716842e+00	3.315205e+00
9.840988196258686e-02	-2.399390e+00	3.298518e+00
9.864704714115827e-02	-2.066110e+00	3.281915e+00
9.888421231972969e-02	-1.717002e+00	3.265397e+00
9.902372124830111e-02	-1.508579e+00	3.255719e+00
9.916323017687252e-02	-1.298279e+00	3.246070e+00
9.930273910544395e-02	-1.086102e+00	3.236449e+00
9.944224803401537e-02	-8.720480e-01	3.226856e+00
9.958175696258680e-02	-6.561172e-01	3.217292e+00
9.972126589115821e-02	-4.383094e-01	3.207757e+00
9.986077481972963e-02	-2.186247e-01	3.198250e+00
9.995843106972963e-02	-6.529447e-02	3.191609e+00
1.000000000000000e-01	1.164033e-14	3.188786e+00
