time	V(vin)	V(vo)
0.000000000000000e+00	0.000000e+00	0.000000e+00
9.765624975344167e-10	1.533981e-06	9.786398e-13
1.953124995068833e-09	3.067962e-06	1.957882e-12
9.144531226912281e-06	1.436436e-02	9.131253e-09
1.828710932882949e-05	2.872528e-02	1.847883e-08
2.742968743074671e-05	4.308581e-02	2.804470e-08
3.657226553266392e-05	5.744598e-02	3.782885e-08
4.571484363458113e-05	7.180576e-02	4.783128e-08
5.485742173649834e-05	8.616517e-02	5.805200e-08
6.399999983841553e-05	1.005242e-01	6.849100e-08
1.142777272688411e-04	1.794685e-01	1.366720e-07
1.472627830663936e-04	2.312373e-01	2.089214e-07
1.736374028553149e-04	2.726137e-01	3.261301e-07
1.946418378685522e-04	3.055522e-01	5.301135e-07
2.135777355425791e-04	3.352354e-01	9.308919e-07
2.316148918803993e-04	3.634989e-01	1.777556e-06
2.509097570810916e-04	3.937201e-01	3.737708e-06
2.685489951745397e-04	4.213355e-01	7.658763e-06
2.866572264740426e-04	4.496717e-01	1.630084e-05
3.039837714440763e-04	4.767711e-01	3.398098e-05
3.215418504058160e-04	5.042182e-01	7.190158e-05
3.387801420753848e-04	5.311505e-01	1.504828e-04
3.561671722615040e-04	5.582994e-01	3.168094e-04
3.734671424930832e-04	5.852958e-01	6.626441e-04
3.909409882250101e-04	6.125460e-01	1.385998e-03
4.085771604492099e-04	6.400306e-01	2.875706e-03
4.267168298263875e-04	6.682794e-01	5.915628e-03
4.458129315872555e-04	6.979941e-01	1.197563e-02
4.671579990460919e-04	7.311786e-01	2.393695e-02
4.940262594248388e-04	7.729030e-01	4.730127e-02
5.239253358751919e-04	8.192690e-01	8.202127e-02
5.524993925349061e-04	8.635128e-01	1.212545e-01
5.918304897373450e-04	9.242982e-01	1.796690e-01
6.387120232207729e-04	9.965674e-01	2.511840e-01
7.744444572197737e-04	1.204528e+00	4.591307e-01
1.067413207219774e-03	1.645441e+00	9.008823e-01
1.360381957219774e-03	2.072424e+00	1.329104e+00
1.653350707219774e-03	2.481864e+00	1.740171e+00
1.946319457219774e-03	2.870294e+00	2.130647e+00
2.183484635791203e-03	3.170529e+00	2.432710e+00
2.420649814362632e-03	3.449645e+00	2.714137e+00
2.657814992934061e-03	3.707643e+00	2.974927e+00
2.894980171505490e-03	3.944524e+00	3.215080e+00
3.132145350076919e-03	4.160286e+00	3.434597e+00
3.369310528648348e-03	4.354931e+00	3.633477e+00
3.606475707219776e-03	4.528457e+00	3.811720e+00
3.732033742934062e-03	4.608764e+00	3.894809e+00
3.857591778648347e-03	4.681651e+00	3.970938e+00
3.983149814362632e-03	4.747119e+00	4.040106e+00
4.108707850076918e-03	4.805167e+00	4.102315e+00
4.234265885791203e-03	4.855797e+00	4.157563e+00
4.359823921505489e-03	4.899007e+00	4.205851e+00
4.485381957219774e-03	4.934798e+00	4.247178e+00
4.680694457219773e-03	4.974864e+00	4.298084e+00
4.778350707219773e-03	4.987883e+00	4.317642e+00
4.876006957219773e-03	4.996207e+00	4.333482e+00
4.973663207219772e-03	4.999829e+00	4.345827e+00
5.071319457219772e-03	4.998745e+00	4.354966e+00
5.168975707219772e-03	4.992957e+00	4.361255e+00
5.266631957219771e-03	4.982469e+00	4.365117e+00
5.364288207219771e-03	4.967292e+00	4.367017e+00
5.461944457219771e-03	4.947440e+00	4.367440e+00
5.559600707219770e-03	4.922931e+00	4.366838e+00
5.657256957219770e-03	4.893790e+00	4.365591e+00
5.754913207219770e-03	4.860042e+00	4.363978e+00
5.851458297080850e-03	4.822182e+00	4.362201e+00
5.949114547080850e-03	4.779374e+00	4.360322e+00
6.046770797080849e-03	4.732068e+00	4.358412e+00
6.144427047080849e-03	4.680307e+00	4.356490e+00
6.242083297080848e-03	4.624142e+00	4.354566e+00
6.339739547080848e-03	4.563625e+00	4.352642e+00
6.437395797080848e-03	4.498813e+00	4.350718e+00
6.535052047080847e-03	4.429767e+00	4.348795e+00
6.828020797080846e-03	4.197892e+00	4.343031e+00
7.093087761366560e-03	3.952133e+00	4.337823e+00
7.358154725652273e-03	3.684085e+00	4.332621e+00
7.623221689937986e-03	3.393749e+00	4.327425e+00
7.888288654223700e-03	3.081123e+00	4.322235e+00
8.153355618509413e-03	2.746209e+00	4.317052e+00
8.418422582795126e-03	2.389006e+00	4.311874e+00
8.683489547080840e-03	2.009514e+00	4.306703e+00
8.836949368509411e-03	1.785187e+00	4.303712e+00
8.990409189937982e-03	1.558051e+00	4.300723e+00
9.143869011366552e-03	1.328104e+00	4.297737e+00
9.297328832795123e-03	1.095349e+00	4.294752e+00
9.450788654223694e-03	8.597831e-01	4.291769e+00
9.604248475652265e-03	6.214081e-01	4.288789e+00
9.757708297080836e-03	3.802235e-01	4.285810e+00
9.841413654223693e-03	2.487766e-01	4.284187e+00
9.925119011366550e-03	1.173848e-01	4.282564e+00
1.000882436850941e-02	-1.395211e-02	4.280941e+00
1.009252972565226e-02	-1.452340e-01	4.279319e+00
1.017623508279512e-02	-2.764609e-01	4.277698e+00
1.025994043993798e-02	-4.076327e-01	4.276077e+00
1.034364579708083e-02	-5.387496e-01	4.274457e+00
1.051105651136655e-02	-8.010707e-01	4.271219e+00
1.067846722565226e-02	-1.059423e+00	4.267983e+00
1.084587793993797e-02	-1.313806e+00	4.264750e+00
1.101328865422369e-02	-1.564220e+00	4.261519e+00
1.118069936850940e-02	-1.810665e+00	4.258290e+00
1.134811008279512e-02	-2.053141e+00	4.255064e+00
1.151552079708083e-02	-2.291648e+00	4.251841e+00
1.179453865422369e-02	-2.678045e+00	4.246473e+00
1.207355651136654e-02	-3.037587e+00	4.241113e+00
1.235257436850940e-02	-3.370273e+00	4.235759e+00
1.263159222565225e-02	-3.676103e+00	4.230413e+00
1.291061008279511e-02	-3.955077e+00	4.225073e+00
1.318962793993797e-02	-4.207195e+00	4.219739e+00
1.346864579708082e-02	-4.432457e+00	4.214413e+00
1.399877972565225e-02	-4.753198e+00	4.204311e+00
1.452891365422368e-02	-4.940381e+00	4.194233e+00
1.505904758279512e-02	-4.994007e+00	4.184179e+00
1.558918151136655e-02	-4.914074e+00	4.174149e+00
1.611931543993798e-02	-4.700584e+00	4.164144e+00
1.664944936850941e-02	-4.353535e+00	4.154162e+00
1.717958329708084e-02	-3.872929e+00	4.144205e+00
1.741674847565227e-02	-3.622714e+00	4.139758e+00
1.765391365422370e-02	-3.356357e+00	4.135316e+00
1.789107883279513e-02	-3.073857e+00	4.130879e+00
1.812824401136657e-02	-2.775216e+00	4.126446e+00
1.836540918993800e-02	-2.460433e+00	4.122019e+00
1.860257436850943e-02	-2.129508e+00	4.117596e+00
1.883973954708086e-02	-1.782442e+00	4.113177e+00
1.897924847565229e-02	-1.575030e+00	4.110580e+00
1.911875740422372e-02	-1.365611e+00	4.107985e+00
1.925826633279515e-02	-1.154183e+00	4.105392e+00
1.939777526136658e-02	-9.407473e-01	4.102800e+00
1.953728418993802e-02	-7.253036e-01	4.100210e+00
1.967679311850944e-02	-5.078518e-01	4.097621e+00
1.981630204708087e-02	-2.883919e-01	4.095034e+00
2.020692704708088e-02	3.248114e-01	4.087799e+00
2.036038686850945e-02	5.662525e-01	4.084960e+00
2.051384668993803e-02	8.050091e-01	4.082124e+00
2.066730651136660e-02	1.041081e+00	4.079289e+00
2.082076633279517e-02	1.274469e+00	4.076456e+00
2.097422615422375e-02	1.505172e+00	4.073625e+00
2.112768597565232e-02	1.733190e+00	4.070796e+00
2.128114579708090e-02	1.958524e+00	4.067969e+00
2.153226186850947e-02	2.319875e+00	4.063348e+00
2.178337793993805e-02	2.661834e+00	4.058731e+00
2.203449401136662e-02	2.984401e+00	4.054120e+00
2.228561008279520e-02	3.287576e+00	4.049514e+00
2.253672615422377e-02	3.571359e+00	4.044914e+00
2.278784222565235e-02	3.835751e+00	4.040318e+00
2.303895829708092e-02	4.080751e+00	4.035728e+00
2.313661454708092e-02	4.167456e+00	4.033944e+00
2.323427079708092e-02	4.250239e+00	4.032162e+00
2.333192704708092e-02	4.329022e+00	4.030380e+00
2.342958329708093e-02	4.403730e+00	4.028607e+00
2.352723954708093e-02	4.474295e+00	4.026886e+00
2.362489579708093e-02	4.540648e+00	4.025305e+00
2.367497952370189e-02	4.573023e+00	4.024697e+00
2.372244753170996e-02	4.602663e+00	4.024539e+00
2.377071415153115e-02	4.631752e+00	4.025219e+00
2.381905084200858e-02	4.659815e+00	4.027616e+00
2.387551767390730e-02	4.691238e+00	4.034479e+00
2.395766052054098e-02	4.734311e+00	4.052462e+00
2.402077326285755e-02	4.765265e+00	4.072597e+00
2.409166168474914e-02	4.797798e+00	4.100296e+00
2.418931793474914e-02	4.838716e+00	4.140448e+00
2.428697418474914e-02	4.875080e+00	4.179201e+00
2.438463043474914e-02	4.906855e+00	4.214706e+00
2.467759918474915e-02	4.974375e+00	4.297410e+00
2.477525543474915e-02	4.987542e+00	4.317085e+00
2.487291168474915e-02	4.996016e+00	4.333037e+00
2.497056793474915e-02	4.999786e+00	4.345489e+00
2.506822418474915e-02	4.998852e+00	4.354723e+00
2.516588043474915e-02	4.993212e+00	4.361096e+00
2.526353668474916e-02	4.982873e+00	4.365028e+00
2.536119293474916e-02	4.967845e+00	4.366983e+00
2.545884918474916e-02	4.948141e+00	4.367446e+00
2.555650543474916e-02	4.923779e+00	4.366870e+00
2.565416168474916e-02	4.894784e+00	4.365638e+00
2.575181793474916e-02	4.861182e+00	4.364033e+00
2.584947418474916e-02	4.823005e+00	4.362240e+00
2.594713043474917e-02	4.780289e+00	4.360362e+00
2.604478668474917e-02	4.733073e+00	4.358452e+00
2.614244293474917e-02	4.681403e+00	4.356530e+00
2.624009918474917e-02	4.625327e+00	4.354606e+00
2.633775543474917e-02	4.564898e+00	4.352682e+00
2.643541168474917e-02	4.500172e+00	4.350758e+00
2.653306793474917e-02	4.431211e+00	4.348835e+00
2.682603668474918e-02	4.199584e+00	4.343071e+00
2.709110364903490e-02	3.954040e+00	4.337863e+00
2.735617061332062e-02	3.686191e+00	4.332660e+00
2.762123757760633e-02	3.396037e+00	4.327464e+00
2.788630454189205e-02	3.083577e+00	4.322275e+00
2.815137150617777e-02	2.748812e+00	4.317091e+00
2.841643847046349e-02	2.391743e+00	4.311914e+00
2.868150543474920e-02	2.012368e+00	4.306743e+00
2.883496525617778e-02	1.788098e+00	4.303752e+00
2.898842507760635e-02	1.561012e+00	4.300763e+00
2.914188489903493e-02	1.331109e+00	4.297776e+00
2.929534472046350e-02	1.098389e+00	4.294792e+00
2.944880454189207e-02	8.628530e-01	4.291809e+00
2.960226436332065e-02	6.245003e-01	4.288828e+00
2.975572418474922e-02	3.833310e-01	4.285850e+00
2.983942954189208e-02	2.518893e-01	4.284226e+00
2.992313489903494e-02	1.205005e-01	4.282603e+00
3.000684025617779e-02	-1.083549e-02	4.280981e+00
3.009054561332065e-02	-1.421186e-01	4.279359e+00
3.017425097046351e-02	-2.733489e-01	4.277737e+00
3.025795632760637e-02	-4.045264e-01	4.276116e+00
3.034166168474923e-02	-5.356510e-01	4.274496e+00
3.050907239903495e-02	-7.979943e-01	4.271258e+00
3.067648311332066e-02	-1.056377e+00	4.268022e+00
3.084389382760638e-02	-1.310799e+00	4.264789e+00
3.101130454189210e-02	-1.561260e+00	4.261558e+00
3.117871525617781e-02	-1.807760e+00	4.258329e+00
3.134612597046353e-02	-2.050299e+00	4.255103e+00
3.151353668474925e-02	-2.288878e+00	4.251880e+00
3.179255454189211e-02	-2.675414e+00	4.246512e+00
3.207157239903496e-02	-3.035112e+00	4.241152e+00
3.235059025617783e-02	-3.367970e+00	4.235798e+00
3.262960811332069e-02	-3.673990e+00	4.230451e+00
3.290862597046355e-02	-3.953170e+00	4.225111e+00
3.318764382760641e-02	-4.205512e+00	4.219778e+00
3.346666168474927e-02	-4.431014e+00	4.214451e+00
3.399679561332071e-02	-4.752268e+00	4.204349e+00
3.452692954189215e-02	-4.939956e+00	4.194271e+00
3.505706347046358e-02	-4.994077e+00	4.184218e+00
3.558719739903501e-02	-4.914632e+00	4.174188e+00
3.611733132760645e-02	-4.701621e+00	4.164182e+00
3.664746525617789e-02	-4.355044e+00	4.154201e+00
3.717759918474933e-02	-3.874900e+00	4.144243e+00
3.741476436332076e-02	-3.624861e+00	4.139796e+00
3.765192954189219e-02	-3.358666e+00	4.135354e+00
3.788909472046362e-02	-3.076315e+00	4.130917e+00
3.812625989903505e-02	-2.777808e+00	4.126484e+00
3.836342507760648e-02	-2.463146e+00	4.122056e+00
3.860059025617792e-02	-2.132327e+00	4.117633e+00
3.883775543474935e-02	-1.785353e+00	4.113215e+00
3.897726436332078e-02	-1.577988e+00	4.110618e+00
3.911677329189221e-02	-1.368608e+00	4.108023e+00
3.925628222046364e-02	-1.157215e+00	4.105429e+00
3.939579114903507e-02	-9.438081e-01	4.102837e+00
3.953530007760650e-02	-7.283870e-01	4.100247e+00
3.967480900617793e-02	-5.109521e-01	4.097659e+00
3.981431793474936e-02	-2.915033e-01	4.095072e+00
4.020494293474937e-02	3.217012e-01	4.087837e+00
4.035840275617794e-02	5.631558e-01	4.084998e+00
4.051186257760651e-02	8.019330e-01	4.082161e+00
4.066532239903509e-02	1.038033e+00	4.079326e+00
4.081878222046367e-02	1.271455e+00	4.076493e+00
4.097224204189224e-02	1.502200e+00	4.073662e+00
4.112570186332081e-02	1.730267e+00	4.070833e+00
4.127916168474938e-02	1.955657e+00	4.068007e+00
4.153027775617796e-02	2.317114e+00	4.063385e+00
4.178139382760653e-02	2.659195e+00	4.058768e+00
4.203250989903511e-02	2.981900e+00	4.054157e+00
4.228362597046369e-02	3.285227e+00	4.049551e+00
4.253474204189226e-02	3.569178e+00	4.044951e+00
4.278585811332083e-02	3.833752e+00	4.040355e+00
4.303697418474941e-02	4.078949e+00	4.035765e+00
4.313463043474941e-02	4.165733e+00	4.033981e+00
4.323228668474941e-02	4.248597e+00	4.032199e+00
4.332994293474941e-02	4.327462e+00	4.030417e+00
4.342759918474941e-02	4.402254e+00	4.028644e+00
4.352525543474942e-02	4.472902e+00	4.026920e+00
4.362291168474942e-02	4.539341e+00	4.025352e+00
4.368222555619973e-02	4.577613e+00	4.024699e+00
4.373990616241724e-02	4.613307e+00	4.024739e+00
4.379092428601757e-02	4.643616e+00	4.026018e+00
4.384274258607635e-02	4.673178e+00	4.029861e+00
4.390581581974008e-02	4.707490e+00	4.039544e+00
4.397155950490841e-02	4.741288e+00	4.056175e+00
4.403867583099529e-02	4.773705e+00	4.079288e+00
4.410846582641183e-02	4.805161e+00	4.107143e+00
4.420612207641184e-02	4.845298e+00	4.147302e+00
4.430377832641184e-02	4.880875e+00	4.185581e+00
4.440143457641184e-02	4.911858e+00	4.220431e+00
4.459674707641184e-02	4.959930e+00	4.278187e+00
4.469440332641184e-02	4.976975e+00	4.301069e+00
4.479205957641184e-02	4.989335e+00	4.320090e+00
4.488971582641185e-02	4.996999e+00	4.335423e+00
4.498737207641185e-02	4.999960e+00	4.347298e+00
4.508502832641185e-02	4.998216e+00	4.356012e+00
4.518268457641185e-02	4.991767e+00	4.361934e+00
4.528034082641185e-02	4.980621e+00	4.365491e+00
4.537799707641185e-02	4.964787e+00	4.367155e+00
4.547565332641185e-02	4.944280e+00	4.367408e+00
4.557330957641186e-02	4.919119e+00	4.366694e+00
4.567096582641186e-02	4.889329e+00	4.365381e+00
4.576862207641186e-02	4.854938e+00	4.363733e+00
4.586627832641186e-02	4.815977e+00	4.361919e+00
4.596393457641186e-02	4.772483e+00	4.360034e+00
4.606159082641186e-02	4.724498e+00	4.358121e+00
4.615924707641186e-02	4.672066e+00	4.356198e+00
4.625690332641186e-02	4.615237e+00	4.354274e+00
4.635455957641187e-02	4.554064e+00	4.352349e+00
4.645221582641187e-02	4.488605e+00	4.350426e+00
4.654987207641187e-02	4.418922e+00	4.348503e+00
4.682888993355473e-02	4.191422e+00	4.343014e+00
4.710790779069759e-02	3.937224e+00	4.337531e+00
4.738692564784045e-02	3.656327e+00	4.332056e+00
4.766594350498331e-02	3.348732e+00	4.326588e+00
4.794496136212618e-02	3.014439e+00	4.321126e+00
4.822397921926903e-02	2.653447e+00	4.315671e+00
4.850299707641190e-02	2.265757e+00	4.310224e+00
4.867040779069761e-02	2.026585e+00	4.306958e+00
4.883781850498333e-02	1.783522e+00	4.303695e+00
4.900522921926904e-02	1.536566e+00	4.300435e+00
4.917263993355477e-02	1.285718e+00	4.297177e+00
4.934005064784048e-02	1.030978e+00	4.293921e+00
4.950746136212620e-02	7.723464e-01	4.290668e+00
4.967487207641191e-02	5.098222e-01	4.287417e+00
4.996784082641192e-02	5.051465e-02	4.281735e+00
5.026080957641192e-02	-4.092205e-01	4.276060e+00
5.041426939784049e-02	-6.502589e-01	4.273091e+00
5.056772921926907e-02	-8.884224e-01	4.270123e+00
5.072118904069764e-02	-1.123711e+00	4.267158e+00
5.087464886212622e-02	-1.356124e+00	4.264194e+00
5.102810868355479e-02	-1.585663e+00	4.261233e+00
5.118156850498336e-02	-1.812327e+00	4.258273e+00
5.133502832641194e-02	-2.036115e+00	4.255316e+00
5.160009529069765e-02	-2.414510e+00	4.250213e+00
5.186516225498337e-02	-2.770464e+00	4.245116e+00
5.213022921926909e-02	-3.103978e+00	4.240025e+00
5.239529618355481e-02	-3.415050e+00	4.234940e+00
5.266036314784053e-02	-3.703682e+00	4.229861e+00
5.292543011212625e-02	-3.969873e+00	4.224789e+00
5.319049707641196e-02	-4.213623e+00	4.219723e+00
5.376248368355483e-02	-4.628347e+00	4.208811e+00
5.433447029069769e-02	-4.887903e+00	4.197926e+00
5.490645689784056e-02	-4.992291e+00	4.187070e+00
5.547844350498343e-02	-4.941511e+00	4.176243e+00
5.605043011212629e-02	-4.735563e+00	4.165443e+00
5.662241671926915e-02	-4.374448e+00	4.154671e+00
5.719440332641202e-02	-3.858164e+00	4.143928e+00
5.743156850498345e-02	-3.606635e+00	4.139481e+00
5.766873368355489e-02	-3.339069e+00	4.135039e+00
5.790589886212632e-02	-3.055465e+00	4.130602e+00
5.814306404069775e-02	-2.755823e+00	4.126169e+00
5.838022921926918e-02	-2.440144e+00	4.121742e+00
5.861739439784061e-02	-2.108427e+00	4.117319e+00
5.885455957641204e-02	-1.760673e+00	4.112901e+00
5.899406850498348e-02	-1.552919e+00	4.110304e+00
5.913357743355491e-02	-1.343202e+00	4.107709e+00
5.927308636212634e-02	-1.131520e+00	4.105116e+00
5.941259529069776e-02	-9.178738e-01	4.102524e+00
5.955210421926919e-02	-7.022631e-01	4.099934e+00
5.969161314784063e-02	-4.846880e-01	4.097346e+00
5.983112207641206e-02	-2.651484e-01	4.094759e+00
5.990087654069777e-02	-1.555461e-01	4.093467e+00
5.997063100498349e-02	-4.600059e-02	4.092174e+00
6.004038546926920e-02	6.348821e-02	4.090882e+00
6.011013993355492e-02	1.729203e-01	4.089591e+00
6.017989439784063e-02	2.822956e-01	4.088300e+00
6.024964886212635e-02	3.916142e-01	4.087009e+00
6.031940332641206e-02	5.008761e-01	4.085718e+00
6.048681404069778e-02	7.634613e-01	4.082623e+00
6.065422475498350e-02	1.022178e+00	4.079531e+00
6.082163546926921e-02	1.277027e+00	4.076440e+00
6.098904618355493e-02	1.528007e+00	4.073352e+00
6.115645689784065e-02	1.775119e+00	4.070266e+00
6.132386761212637e-02	2.018362e+00	4.067183e+00
6.149127832641208e-02	2.257737e+00	4.064101e+00
6.170054171926923e-02	2.548716e+00	4.060253e+00
6.190980511212636e-02	2.825866e+00	4.056409e+00
6.211906850498351e-02	3.089188e+00	4.052568e+00
6.232833189784065e-02	3.338681e+00	4.048731e+00
6.253759529069779e-02	3.574346e+00	4.044897e+00
6.274685868355494e-02	3.796182e+00	4.041067e+00
6.295612207641207e-02	4.004190e+00	4.037241e+00
6.305377832641207e-02	4.094158e+00	4.035457e+00
6.315143457641206e-02	4.180274e+00	4.033673e+00
6.324909082641206e-02	4.262455e+00	4.031891e+00
6.334674707641205e-02	4.340624e+00	4.030110e+00
6.344440332641205e-02	4.414708e+00	4.028341e+00
6.354205957641204e-02	4.484637e+00	4.026637e+00
6.363971582641204e-02	4.550345e+00	4.025130e+00
6.369365389304013e-02	4.584805e+00	4.024647e+00
6.375414239629679e-02	4.621884e+00	4.025016e+00
6.380907601045148e-02	4.654112e+00	4.027047e+00
6.386250111149525e-02	4.684125e+00	4.032398e+00
6.393473092889450e-02	4.722603e+00	4.046132e+00
6.399620675192837e-02	4.753438e+00	4.064024e+00
6.406801046826721e-02	4.787207e+00	4.090796e+00
6.414631128329179e-02	4.821255e+00	4.122787e+00
6.424396753329178e-02	4.859629e+00	4.162481e+00
6.434162378329178e-02	4.893429e+00	4.199536e+00
6.463459253329176e-02	4.967091e+00	4.287519e+00
6.473224878329176e-02	4.982321e+00	4.308889e+00
6.482990503329175e-02	4.992863e+00	4.326458e+00
6.492756128329175e-02	4.998705e+00	4.340420e+00
6.502521753329174e-02	4.999843e+00	4.351032e+00
6.512287378329173e-02	4.996275e+00	4.358619e+00
6.522053003329173e-02	4.988005e+00	4.363572e+00
6.531818628329172e-02	4.975040e+00	4.366338e+00
6.541584253329172e-02	4.957393e+00	4.367398e+00
6.551349878329171e-02	4.935081e+00	4.367228e+00
6.561115503329171e-02	4.908123e+00	4.366243e+00
6.570881128329170e-02	4.876546e+00	4.364774e+00
6.580646753329170e-02	4.840379e+00	4.363047e+00
6.590412378329169e-02	4.799657e+00	4.361197e+00
6.600178003329168e-02	4.754418e+00	4.359298e+00
6.609943628329168e-02	4.704704e+00	4.357379e+00
6.619709253329167e-02	4.650562e+00	4.355456e+00
6.629474878329167e-02	4.592043e+00	4.353531e+00
6.639240503329166e-02	4.529202e+00	4.351607e+00
6.649006128329166e-02	4.462099e+00	4.349684e+00
6.658771753329165e-02	4.390795e+00	4.347761e+00
6.686673539043449e-02	4.158746e+00	4.342273e+00
6.714575324757734e-02	3.900324e+00	4.336792e+00
6.742477110472017e-02	3.615527e+00	4.331317e+00
6.770378896186302e-02	3.304357e+00	4.325850e+00
6.798280681900586e-02	2.966813e+00	4.320389e+00
6.826182467614871e-02	2.602896e+00	4.314935e+00
6.854084253329154e-02	2.212605e+00	4.309488e+00
6.870825324757725e-02	1.972101e+00	4.306224e+00
6.887566396186295e-02	1.727862e+00	4.302961e+00
6.904307467614866e-02	1.479889e+00	4.299701e+00
6.921048539043435e-02	1.228181e+00	4.296444e+00
6.937789610472006e-02	9.727386e-01	4.293189e+00
6.954530681900577e-02	7.135615e-01	4.289936e+00
6.971271753329147e-02	4.506499e-01	4.286686e+00
7.000568628329146e-02	-8.931988e-03	4.281005e+00
7.010334253329145e-02	-1.626606e-01	4.279113e+00
7.020099878329145e-02	-3.158770e-01	4.277221e+00
7.029865503329144e-02	-4.685813e-01	4.275331e+00
7.039631128329144e-02	-6.207734e-01	4.273441e+00
7.049396753329143e-02	-7.724533e-01	4.271552e+00
7.059162378329142e-02	-9.236211e-01	4.269665e+00
7.068928003329142e-02	-1.074277e+00	4.267777e+00
7.089854342614856e-02	-1.395994e+00	4.263736e+00
7.110780681900568e-02	-1.708424e+00	4.259699e+00
7.131707021186282e-02	-2.011567e+00	4.255666e+00
7.152633360471994e-02	-2.305423e+00	4.251636e+00
7.173559699757708e-02	-2.589991e+00	4.247610e+00
7.194486039043420e-02	-2.865272e+00	4.243588e+00
7.215412378329134e-02	-3.131266e+00	4.239570e+00
7.248894521186275e-02	-3.531054e+00	4.233148e+00
7.282376664043415e-02	-3.883610e+00	4.226737e+00
7.315858806900556e-02	-4.188934e+00	4.220335e+00
7.349340949757698e-02	-4.447028e+00	4.213943e+00
7.382823092614839e-02	-4.657889e+00	4.207561e+00
7.416305235471979e-02	-4.821519e+00	4.201188e+00
7.449787378329120e-02	-4.937918e+00	4.194825e+00
7.490244967614833e-02	-4.991886e+00	4.187150e+00
7.530702556900544e-02	-4.969836e+00	4.179488e+00
7.571160146186257e-02	-4.871768e+00	4.171840e+00
7.611617735471968e-02	-4.697684e+00	4.164207e+00
7.652075324757680e-02	-4.447582e+00	4.156587e+00
7.692532914043393e-02	-4.121462e+00	4.148981e+00
7.732990503329104e-02	-3.719325e+00	4.141389e+00
7.756707021186246e-02	-3.456045e+00	4.136945e+00
7.780423539043387e-02	-3.177696e+00	4.132506e+00
7.804140056900528e-02	-2.884278e+00	4.128072e+00
7.827856574757670e-02	-2.575792e+00	4.123642e+00
7.851573092614812e-02	-2.252238e+00	4.119217e+00
7.875289610471953e-02	-1.913616e+00	4.114797e+00
7.899006128329095e-02	-1.559925e+00	4.110382e+00
7.911561931900522e-02	-1.370627e+00	4.108047e+00
7.924117735471950e-02	-1.179944e+00	4.105712e+00
7.936673539043378e-02	-9.878776e-01	4.103379e+00
7.949229342614807e-02	-7.944265e-01	4.101048e+00
7.961785146186234e-02	-5.995910e-01	4.098717e+00
7.974340949757662e-02	-4.033713e-01	4.096389e+00
7.986896753329090e-02	-2.057672e-01	4.094061e+00
8.025959253329087e-02	4.073151e-01	4.086828e+00
8.041305235471943e-02	6.483634e-01	4.083990e+00
8.056651217614801e-02	8.865410e-01	4.081154e+00
8.071997199757656e-02	1.121848e+00	4.078320e+00
8.087343181900512e-02	1.354284e+00	4.075488e+00
8.102689164043368e-02	1.583850e+00	4.072657e+00
8.118035146186225e-02	1.810545e+00	4.069829e+00
8.133381128329081e-02	2.034369e+00	4.067003e+00
8.157097646186223e-02	2.372827e+00	4.062639e+00
8.180814164043364e-02	2.693948e+00	4.058279e+00
8.204530681900506e-02	2.997733e+00	4.053925e+00
8.228247199757648e-02	3.284181e+00	4.049575e+00
8.251963717614789e-02	3.553293e+00	4.045230e+00
8.275680235471930e-02	3.805069e+00	4.040889e+00
8.299396753329072e-02	4.039508e+00	4.036553e+00
8.309162378329071e-02	4.127993e+00	4.034769e+00
8.318928003329071e-02	4.212593e+00	4.032986e+00
8.328693628329070e-02	4.293228e+00	4.031204e+00
8.338459253329070e-02	4.369823e+00	4.029426e+00
8.348224878329069e-02	4.442305e+00	4.027669e+00
8.357990503329069e-02	4.510605e+00	4.026014e+00
8.366196182688171e-02	4.564716e+00	4.024864e+00
8.371113677456847e-02	4.595693e+00	4.024560e+00
8.376332633934895e-02	4.627368e+00	4.025083e+00
8.381215040587801e-02	4.655875e+00	4.027158e+00
8.386716945734847e-02	4.686685e+00	4.033094e+00
8.394226306688547e-02	4.726476e+00	4.048084e+00
8.400365321582200e-02	4.757053e+00	4.066532e+00
8.407505130760613e-02	4.790388e+00	4.093606e+00
8.415822848046656e-02	4.826181e+00	4.127711e+00
8.425588473046655e-02	4.863999e+00	4.167175e+00
8.435354098046655e-02	4.897239e+00	4.203816e+00
8.464650973046653e-02	4.969200e+00	4.290337e+00
8.474416598046652e-02	4.983859e+00	4.311234e+00
8.484182223046652e-02	4.993828e+00	4.328351e+00
8.493947848046651e-02	4.999096e+00	4.341888e+00
8.503713473046651e-02	4.999660e+00	4.352113e+00
8.513479098046650e-02	4.995518e+00	4.359355e+00
8.523244723046650e-02	4.986674e+00	4.364016e+00
8.533010348046649e-02	4.973137e+00	4.366548e+00
8.542775973046648e-02	4.954920e+00	4.367434e+00
8.552541598046648e-02	4.932039e+00	4.367143e+00
8.562307223046647e-02	4.904516e+00	4.366097e+00
8.570492634291048e-02	4.877890e+00	4.364861e+00
8.576649738639576e-02	4.855735e+00	4.363789e+00
8.582422072038683e-02	4.833314e+00	4.362720e+00
8.587655962992376e-02	4.811611e+00	4.361722e+00
8.593353611278835e-02	4.786505e+00	4.360618e+00
8.599236029101955e-02	4.758977e+00	4.359468e+00
8.605277914015280e-02	4.729011e+00	4.358281e+00
8.612832608712009e-02	4.689146e+00	4.356793e+00
8.622178837008085e-02	4.636175e+00	4.354952e+00
8.631944462008084e-02	4.576557e+00	4.353027e+00
8.641710087008084e-02	4.512633e+00	4.351104e+00
8.651475712008083e-02	4.444461e+00	4.349180e+00
8.671006962008082e-02	4.295637e+00	4.345337e+00
8.697513658436652e-02	4.062814e+00	4.340126e+00
8.724020354865222e-02	3.806746e+00	4.334921e+00
8.750527051293792e-02	3.527435e+00	4.329722e+00
8.777033747722361e-02	3.224880e+00	4.324530e+00
8.803540444150931e-02	2.899081e+00	4.319343e+00
8.830047140579501e-02	2.550038e+00	4.314163e+00
8.856553837008072e-02	2.177751e+00	4.308990e+00
8.871899819150927e-02	1.956982e+00	4.305997e+00
8.887245801293785e-02	1.732989e+00	4.303007e+00
8.902591783436641e-02	1.505772e+00	4.300018e+00
8.917937765579496e-02	1.275331e+00	4.297032e+00
8.933283747722352e-02	1.041665e+00	4.294048e+00
8.948629729865210e-02	8.047752e-01	4.291066e+00
8.963975712008065e-02	5.646610e-01	4.288086e+00
8.993272587008064e-02	1.056661e-01	4.282402e+00
9.022569462008062e-02	-3.542233e-01	4.276727e+00
9.037915444150918e-02	-5.955320e-01	4.273756e+00
9.053261426293775e-02	-8.340898e-01	4.270788e+00
9.068607408436631e-02	-1.069897e+00	4.267822e+00
9.083953390579487e-02	-1.302952e+00	4.264858e+00
9.099299372722343e-02	-1.533257e+00	4.261896e+00
9.114645354865200e-02	-1.760811e+00	4.258937e+00
9.129991337008056e-02	-1.985615e+00	4.255979e+00
9.156498033436626e-02	-2.366079e+00	4.250875e+00
9.183004729865196e-02	-2.724391e+00	4.245777e+00
9.209511426293766e-02	-3.060551e+00	4.240686e+00
9.236018122722335e-02	-3.374559e+00	4.235600e+00
9.262524819150905e-02	-3.666416e+00	4.230520e+00
9.289031515579475e-02	-3.936120e+00	4.225447e+00
9.315538212008045e-02	-4.183672e+00	4.220380e+00
9.340649819150901e-02	-4.388472e+00	4.215585e+00
9.365761426293757e-02	-4.563789e+00	4.210795e+00
9.390873033436613e-02	-4.709624e+00	4.206011e+00
9.415984640579468e-02	-4.825976e+00	4.201232e+00
9.441096247722323e-02	-4.912847e+00	4.196459e+00
9.466207854865180e-02	-4.970235e+00	4.191691e+00
9.491319462008035e-02	-4.998141e+00	4.186929e+00
9.501085087008035e-02	-4.999971e+00	4.185079e+00
9.537357408436604e-02	-4.959316e+00	4.178212e+00
9.573629729865174e-02	-4.859817e+00	4.171357e+00
9.609902051293744e-02	-4.701474e+00	4.164513e+00
9.646174372722312e-02	-4.484287e+00	4.157681e+00
9.682446694150881e-02	-4.208256e+00	4.150859e+00
9.718719015579451e-02	-3.873381e+00	4.144049e+00
9.754991337008020e-02	-3.479662e+00	4.137250e+00
9.777312765579448e-02	-3.215883e+00	4.133072e+00
9.799634194150875e-02	-2.939867e+00	4.128898e+00
9.821955622722302e-02	-2.651614e+00	4.124728e+00
9.844277051293730e-02	-2.351122e+00	4.120562e+00
9.866598479865157e-02	-2.038393e+00	4.116400e+00
9.888919908436584e-02	-1.713425e+00	4.112243e+00
9.911241337008012e-02	-1.376220e+00	4.108090e+00
9.922402051293726e-02	-1.206338e+00	4.106015e+00
9.933562765579439e-02	-1.035501e+00	4.103941e+00
9.944723479865153e-02	-8.637104e-01	4.101868e+00
9.955884194150866e-02	-6.909650e-01	4.099796e+00
9.967044908436580e-02	-5.172651e-01	4.097725e+00
9.978205622722293e-02	-3.426108e-01	4.095656e+00
9.989366337008007e-02	-1.670021e-01	4.093587e+00
9.999131962008007e-02	-1.363509e-02	4.091777e+00
1.000000000000000e-01	1.164033e-14	4.091617e+00
