time	V(vb)
0.000000000000000e+000	2.356302e+000
4.882812557061023e-011	2.356303e+000
9.765625114122045e-011	2.356305e+000
1.953125022824409e-010	2.356307e+000
3.906250045648818e-010	2.356309e+000
7.812500091297636e-010	2.356311e+000
1.562500018259527e-009	2.356313e+000
3.125000036519054e-009	2.356321e+000
6.250000073038109e-009	2.356339e+000
1.250000014607622e-008	2.356379e+000
4.412723225095356e-006	2.384041e+000
8.812946450044637e-006	2.411629e+000
1.321316967499392e-005	2.439144e+000
1.761339289994320e-005	2.466584e+000
2.201361612489248e-005	2.493950e+000
2.641383934984176e-005	2.521242e+000
3.081406257479103e-005	2.548459e+000
3.918459828907675e-005	2.600046e+000
4.755513400336246e-005	2.650613e+000
5.592566971764818e-005	2.700162e+000
6.429620543193390e-005	2.748690e+000
7.266674114621962e-005	2.796200e+000
8.103727686050534e-005	2.842690e+000
8.940781257479103e-005	2.888161e+000
9.917343757479104e-005	2.938949e+000
1.040562500747910e-004	2.963531e+000
1.089390625747911e-004	2.987539e+000
1.138218750747911e-004	3.010952e+000
1.187046875747911e-004	3.033748e+000
1.235875000747911e-004	3.055904e+000
1.284703125747911e-004	3.077401e+000
1.333531250747911e-004	3.098218e+000
1.431187500747911e-004	3.137734e+000
1.528843750747911e-004	3.174303e+000
1.626500000747911e-004	3.207788e+000
1.724156250747911e-004	3.238063e+000
1.821812500747911e-004	3.265014e+000
1.919468750747911e-004	3.288540e+000
2.017125000747911e-004	3.308551e+000
2.114781250747911e-004	3.324973e+000
2.212437500747911e-004	3.337744e+000
2.358921875747912e-004	3.349953e+000
2.505406250747911e-004	3.353739e+000
2.651890625747911e-004	3.349069e+000
2.798375000747912e-004	3.335983e+000
2.896031250747912e-004	3.322635e+000
2.993687500747912e-004	3.305645e+000
3.091343750747912e-004	3.285077e+000
3.189000000747912e-004	3.261008e+000
3.286656250747912e-004	3.233528e+000
3.384312500747912e-004	3.202741e+000
3.481968750747912e-004	3.168764e+000
3.579625000747912e-004	3.131722e+000
3.677281250747912e-004	3.091758e+000
3.726109375747912e-004	3.070725e+000
3.774937500747912e-004	3.049019e+000
3.823765625747913e-004	3.026660e+000
3.872593750747913e-004	3.003668e+000
3.921421875747913e-004	2.980066e+000
3.970250000747913e-004	2.955876e+000
4.019078125747913e-004	2.931119e+000
4.116734375747913e-004	2.880004e+000
4.214390625747913e-004	2.826912e+000
4.360875000747913e-004	2.744007e+000
4.430629465033628e-004	2.703124e+000
4.500383929319342e-004	2.661773e+000
4.570138393605056e-004	2.619955e+000
4.639892857890770e-004	2.577669e+000
4.709647322176485e-004	2.534916e+000
4.779401786462199e-004	2.491695e+000
4.849156250747913e-004	2.448006e+000
4.946812500747914e-004	2.386847e+000
5.093296875747914e-004	2.294953e+000
5.170026786462200e-004	2.246699e+000
5.246756697176485e-004	2.198969e+000
5.323486607890771e-004	2.151765e+000
5.400216518605057e-004	2.105085e+000
5.476946429319343e-004	2.058931e+000
5.553676340033628e-004	2.013302e+000
5.630406250747914e-004	1.968198e+000
5.755964286462200e-004	1.895839e+000
5.881522322176485e-004	1.827330e+000
6.007080357890771e-004	1.762671e+000
6.132638393605058e-004	1.701861e+000
6.258196429319344e-004	1.644902e+000
6.383754465033630e-004	1.591793e+000
6.509312500747915e-004	1.542534e+000
6.655796875747915e-004	1.492550e+000
6.802281250747915e-004	1.449867e+000
6.948765625747915e-004	1.414844e+000
7.095250000747915e-004	1.387779e+000
7.241734375747916e-004	1.368901e+000
7.388218750747916e-004	1.358369e+000
7.534703125747916e-004	1.356273e+000
7.681187500747916e-004	1.362631e+000
7.827671875747916e-004	1.377388e+000
7.974156250747916e-004	1.400420e+000
8.120640625747916e-004	1.431532e+000
8.267125000747916e-004	1.470460e+000
8.413609375747917e-004	1.516875e+000
8.546142857890774e-004	1.566051e+000
8.678676340033631e-004	1.619674e+000
8.811209822176489e-004	1.677744e+000
8.943743304319346e-004	1.740261e+000
9.076276786462203e-004	1.807224e+000
9.208810268605060e-004	1.878634e+000
9.341343750747917e-004	1.954491e+000
9.418073661462202e-004	1.999327e+000
9.494803572176489e-004	2.044722e+000
9.571533482890774e-004	2.090676e+000
9.648263393605060e-004	2.137188e+000
9.724993304319345e-004	2.184259e+000
9.801723215033631e-004	2.231889e+000
9.878453125747916e-004	2.280077e+000
1.012259375074791e-003	2.433151e+000
1.019932366146220e-003	2.481323e+000
1.027605357217648e-003	2.528927e+000
1.035278348289076e-003	2.575965e+000
1.042951339360505e-003	2.622436e+000
1.050624330431933e-003	2.668341e+000
1.058297321503361e-003	2.713680e+000
1.065970312574790e-003	2.758451e+000
1.080618750074790e-003	2.840722e+000
1.090384375074789e-003	2.893325e+000
1.100150000074789e-003	2.943902e+000
1.105032812574789e-003	2.968370e+000
1.109915625074789e-003	2.992261e+000
1.114798437574789e-003	3.015552e+000
1.119681250074789e-003	3.038222e+000
1.124564062574789e-003	3.060248e+000
1.129446875074789e-003	3.081610e+000
1.134329687574788e-003	3.102289e+000
1.144095312574788e-003	3.141517e+000
1.153860937574788e-003	3.177783e+000
1.163626562574788e-003	3.210953e+000
1.173392187574788e-003	3.240901e+000
1.183157812574787e-003	3.267514e+000
1.192923437574787e-003	3.290691e+000
1.202689062574787e-003	3.310347e+000
1.212454687574787e-003	3.326406e+000
1.222220312574787e-003	3.338809e+000
1.236868750074786e-003	3.350459e+000
1.251517187574786e-003	3.353681e+000
1.266165625074786e-003	3.348448e+000
1.280814062574785e-003	3.334805e+000
1.290579687574785e-003	3.321090e+000
1.300345312574785e-003	3.303740e+000
1.310110937574785e-003	3.282817e+000
1.319876562574785e-003	3.258403e+000
1.329642187574784e-003	3.230587e+000
1.339407812574784e-003	3.199476e+000
1.349173437574784e-003	3.165186e+000
1.358939062574784e-003	3.127846e+000
1.363821875074784e-003	3.108076e+000
1.368704687574784e-003	3.087597e+000
1.373587500074783e-003	3.066428e+000
1.378470312574783e-003	3.044590e+000
1.383353125074783e-003	3.022102e+000
1.388235937574783e-003	2.998987e+000
1.393118750074783e-003	2.975266e+000
1.398001562574783e-003	2.950960e+000
1.402884375074783e-003	2.926093e+000
1.412650000074783e-003	2.874771e+000
1.427298437574782e-003	2.794182e+000
1.434971428646211e-003	2.750173e+000
1.442644419717639e-003	2.705510e+000
1.450317410789068e-003	2.660193e+000
1.457990401860496e-003	2.614220e+000
1.465663392931924e-003	2.567593e+000
1.473336384003353e-003	2.520312e+000
1.481009375074781e-003	2.472375e+000
1.495657812574781e-003	2.380711e+000
1.510306250074780e-003	2.288827e+000
1.517979241146209e-003	2.240599e+000
1.525652232217637e-003	2.192909e+000
1.533325223289066e-003	2.145759e+000
1.540998214360494e-003	2.099147e+000
1.548671205431923e-003	2.053074e+000
1.556344196503351e-003	2.007540e+000
1.564017187574779e-003	1.962545e+000
1.577270535789065e-003	1.886363e+000
1.590523884003350e-003	1.814582e+000
1.603777232217636e-003	1.747201e+000
1.617030580431921e-003	1.684220e+000
1.630283928646207e-003	1.625640e+000
1.643537276860492e-003	1.571460e+000
1.656790625074777e-003	1.521681e+000
1.671439062574777e-003	1.474570e+000
1.686087500074777e-003	1.434911e+000
1.700735937574776e-003	1.403040e+000
1.715384375074776e-003	1.379226e+000
1.730032812574776e-003	1.363671e+000
1.744681250074775e-003	1.356507e+000
1.759329687574775e-003	1.357794e+000
1.773978125074775e-003	1.367522e+000
1.788626562574775e-003	1.385608e+000
1.803275000074774e-003	1.411899e+000
1.817923437574774e-003	1.446172e+000
1.832571875074774e-003	1.488138e+000
1.847220312574773e-003	1.537441e+000
1.859776116146202e-003	1.586145e+000
1.872331919717630e-003	1.638741e+000
1.884887723289058e-003	1.695229e+000
1.897443526860486e-003	1.755609e+000
1.909999330431915e-003	1.819882e+000
1.922555134003343e-003	1.888047e+000
1.935110937574771e-003	1.960104e+000
1.942783928646200e-003	2.005052e+000
1.950456919717628e-003	2.050545e+000
1.958129910789057e-003	2.096582e+000
1.965802901860485e-003	2.143164e+000
1.973475892931913e-003	2.190292e+000
1.981148884003342e-003	2.237964e+000
1.988821875074770e-003	2.286180e+000
2.013235937574770e-003	2.439251e+000
2.020908928646198e-003	2.487390e+000
2.028581919717627e-003	2.534949e+000
2.036254910789055e-003	2.581928e+000
2.043927901860484e-003	2.628327e+000
2.051600892931912e-003	2.674145e+000
2.059273884003341e-003	2.719383e+000
2.066946875074769e-003	2.764041e+000
2.081595312574769e-003	2.846058e+000
2.091360937574768e-003	2.898467e+000
2.101126562574768e-003	2.948831e+000
2.106009375074768e-003	2.973186e+000
2.110892187574768e-003	2.996958e+000
2.115775000074768e-003	3.020127e+000
2.120657812574768e-003	3.042670e+000
2.125540625074768e-003	3.064565e+000
2.130423437574767e-003	3.085792e+000
2.135306250074767e-003	3.106331e+000
2.145071875074767e-003	3.145269e+000
2.154837500074767e-003	3.181232e+000
2.164603125074767e-003	3.214085e+000
2.174368750074767e-003	3.243704e+000
2.184134375074766e-003	3.269978e+000
2.193900000074766e-003	3.292807e+000
2.203665625074766e-003	3.312106e+000
2.213431250074766e-003	3.327803e+000
2.223196875074766e-003	3.339837e+000
2.237845312574765e-003	3.350927e+000
2.252493750074765e-003	3.353586e+000
2.267142187574765e-003	3.347790e+000
2.281790625074764e-003	3.333589e+000
2.291556250074764e-003	3.319509e+000
2.301321875074764e-003	3.301797e+000
2.311087500074764e-003	3.280522e+000
2.320853125074763e-003	3.255763e+000
2.330618750074763e-003	3.227613e+000
2.340384375074763e-003	3.196178e+000
2.350150000074763e-003	3.161577e+000
2.359915625074763e-003	3.123940e+000
2.364798437574762e-003	3.104027e+000
2.369681250074762e-003	3.083408e+000
2.374564062574762e-003	3.062104e+000
2.379446875074762e-003	3.040134e+000
2.384329687574762e-003	3.017519e+000
2.389212500074762e-003	2.994281e+000
2.394095312574762e-003	2.970441e+000
2.398978125074762e-003	2.946021e+000
2.408743750074762e-003	2.895536e+000
2.418509375074761e-003	2.843016e+000
2.433157812574761e-003	2.760856e+000
2.440133259003332e-003	2.720278e+000
2.447108705431903e-003	2.679199e+000
2.454084151860475e-003	2.637618e+000
2.461059598289046e-003	2.595535e+000
2.468035044717618e-003	2.552951e+000
2.475010491146189e-003	2.509865e+000
2.481985937574760e-003	2.466277e+000
2.485473660789046e-003	2.444473e+000
2.488961384003331e-003	2.422653e+000
2.492449107217617e-003	2.400815e+000
2.495936830431902e-003	2.378961e+000
2.499424553646188e-003	2.357090e+000
2.502912276860474e-003	2.335202e+000
2.506400000074759e-003	2.313297e+000
2.513375446503331e-003	2.269404e+000
2.520350892931902e-003	2.225882e+000
2.527326339360473e-003	2.182731e+000
2.534301785789045e-003	2.139950e+000
2.541277232217616e-003	2.097541e+000
2.548252678646187e-003	2.055503e+000
2.555228125074758e-003	2.013835e+000
2.567086384003330e-003	1.944032e+000
2.578944642931901e-003	1.877381e+000
2.590802901860472e-003	1.813883e+000
2.602661160789043e-003	1.753537e+000
2.614519419717614e-003	1.696343e+000
2.626377678646185e-003	1.642301e+000
2.638235937574757e-003	1.591413e+000
2.659859821503328e-003	1.509457e+000
2.681483705431898e-003	1.445091e+000
2.703107589360469e-003	1.398314e+000
2.724731473289041e-003	1.369127e+000
2.746355357217612e-003	1.357528e+000
2.767979241146182e-003	1.363518e+000
2.789603125074753e-003	1.387098e+000
2.804251562574753e-003	1.413928e+000
2.818900000074753e-003	1.448725e+000
2.833548437574752e-003	1.491192e+000
2.848196875074752e-003	1.540969e+000
2.860752678646180e-003	1.590061e+000
2.873308482217609e-003	1.643016e+000
2.885864285789037e-003	1.699833e+000
2.898420089360465e-003	1.760514e+000
2.910975892931894e-003	1.825057e+000
2.923531696503322e-003	1.893463e+000
2.936087500074750e-003	1.965732e+000
2.943760491146179e-003	2.010789e+000
2.951433482217607e-003	2.056378e+000
2.959106473289036e-003	2.102497e+000
2.966779464360464e-003	2.149148e+000
2.974452455431892e-003	2.196330e+000
2.982125446503321e-003	2.244043e+000
2.989798437574749e-003	2.292286e+000
3.009329687574749e-003	2.414790e+000
3.017002678646177e-003	2.463044e+000
3.024675669717606e-003	2.510774e+000
3.032348660789034e-003	2.557979e+000
3.040021651860462e-003	2.604658e+000
3.047694642931891e-003	2.650812e+000
3.055367634003319e-003	2.696441e+000
3.063040625074748e-003	2.741545e+000
3.077689062574747e-003	2.824555e+000
3.087454687574747e-003	2.877728e+000
3.097220312574747e-003	2.928933e+000
3.102103125074747e-003	2.953737e+000
3.106985937574747e-003	2.977978e+000
3.111868750074747e-003	3.001631e+000
3.116751562574746e-003	3.024677e+000
3.121634375074746e-003	3.047091e+000
3.126517187574746e-003	3.068854e+000
3.131400000074746e-003	3.089946e+000
3.141165625074746e-003	3.130033e+000
3.150931250074746e-003	3.167203e+000
3.160696875074746e-003	3.201316e+000
3.170462500074745e-003	3.232242e+000
3.180228125074745e-003	3.259867e+000
3.189993750074745e-003	3.284085e+000
3.199759375074745e-003	3.304805e+000
3.209525000074744e-003	3.321950e+000
3.219290625074744e-003	3.335456e+000
3.233939062574744e-003	3.348782e+000
3.248587500074744e-003	3.353694e+000
3.263235937574743e-003	3.350151e+000
3.277884375074743e-003	3.338182e+000
3.287650000074743e-003	3.325570e+000
3.297415625074743e-003	3.309303e+000
3.307181250074742e-003	3.289445e+000
3.316946875074742e-003	3.266069e+000
3.326712500074742e-003	3.239264e+000
3.336478125074742e-003	3.209129e+000
3.346243750074742e-003	3.175780e+000
3.356009375074741e-003	3.139340e+000
3.365775000074741e-003	3.099949e+000
3.370657812574741e-003	3.079191e+000
3.375540625074741e-003	3.057752e+000
3.380423437574741e-003	3.035652e+000
3.385306250074741e-003	3.012911e+000
3.390189062574741e-003	2.989550e+000
3.395071875074741e-003	2.965592e+000
3.399954687574740e-003	2.941060e+000
3.409720312574740e-003	2.890363e+000
3.419485937574740e-003	2.837650e+000
3.434134375074740e-003	2.755238e+000
3.441109821503311e-003	2.714557e+000
3.448085267931882e-003	2.673386e+000
3.455060714360453e-003	2.631724e+000
3.462036160789025e-003	2.589572e+000
3.469011607217596e-003	2.546930e+000
3.475987053646167e-003	2.503797e+000
3.482962500074739e-003	2.460174e+000
3.497610937574738e-003	2.368435e+000
3.512259375074738e-003	2.276582e+000
3.519932366146166e-003	2.228411e+000
3.527605357217595e-003	2.180806e+000
3.535278348289023e-003	2.133768e+000
3.542951339360452e-003	2.087297e+000
3.550624330431880e-003	2.041392e+000
3.558297321503309e-003	1.996054e+000
3.565970312574737e-003	1.951282e+000
3.579223660789022e-003	1.875556e+000
3.592477009003308e-003	1.804295e+000
3.605730357217593e-003	1.737499e+000
3.618983705431878e-003	1.675168e+000
3.632237053646164e-003	1.617301e+000
3.645490401860449e-003	1.563900e+000
3.658743750074735e-003	1.514963e+000
3.673392187574735e-003	1.468824e+000
3.688040625074734e-003	1.430185e+000
3.702689062574734e-003	1.399374e+000
3.717337500074734e-003	1.376651e+000
3.731985937574733e-003	1.362209e+000
3.746634375074733e-003	1.356169e+000
3.761282812574733e-003	1.358584e+000
3.775931250074732e-003	1.369433e+000
3.790579687574732e-003	1.388623e+000
3.805228125074732e-003	1.415993e+000
3.819876562574731e-003	1.451311e+000
3.834525000074731e-003	1.494277e+000
3.849173437574731e-003	1.544528e+000
3.861729241146159e-003	1.594006e+000
3.874285044717588e-003	1.647318e+000
3.886840848289016e-003	1.704462e+000
3.899396651860444e-003	1.765440e+000
3.911952455431873e-003	1.830251e+000
3.924508259003301e-003	1.898896e+000
3.937064062574729e-003	1.971373e+000
3.944039509003300e-003	2.012356e+000
3.951014955431872e-003	2.053794e+000
3.957990401860443e-003	2.095689e+000
3.964965848289014e-003	2.138039e+000
3.971941294717585e-003	2.180847e+000
3.978916741146157e-003	2.224110e+000
3.985892187574728e-003	2.267829e+000
4.000540625074728e-003	2.359654e+000
4.005423437574728e-003	2.390363e+000
4.010306250074727e-003	2.420968e+000
4.015189062574727e-003	2.451467e+000
4.020071875074727e-003	2.481861e+000
4.024954687574727e-003	2.512149e+000
4.029837500074727e-003	2.542333e+000
4.034720312574727e-003	2.572411e+000
4.043090848289012e-003	2.623696e+000
4.051461384003298e-003	2.673900e+000
4.059831919717583e-003	2.723021e+000
4.068202455431869e-003	2.771061e+000
4.076572991146154e-003	2.818019e+000
4.084943526860440e-003	2.863895e+000
4.093314062574726e-003	2.908689e+000
4.098196875074726e-003	2.933928e+000
4.103079687574725e-003	2.958621e+000
4.107962500074725e-003	2.982746e+000
4.112845312574725e-003	3.006279e+000
4.117728125074725e-003	3.029200e+000
4.122610937574725e-003	3.051486e+000
4.127493750074725e-003	3.073117e+000
4.132376562574725e-003	3.094071e+000
4.142142187574725e-003	3.133873e+000
4.151907812574724e-003	3.170744e+000
4.161673437574724e-003	3.204543e+000
4.171439062574724e-003	3.235145e+000
4.181204687574724e-003	3.262433e+000
4.190970312574724e-003	3.286305e+000
4.200735937574723e-003	3.306672e+000
4.210501562574723e-003	3.323455e+000
4.220267187574723e-003	3.336594e+000
4.234915625074723e-003	3.349361e+000
4.249564062574722e-003	3.353710e+000
4.264212500074722e-003	3.349604e+000
4.278860937574722e-003	3.337076e+000
4.288626562574721e-003	3.324096e+000
4.298392187574721e-003	3.307467e+000
4.308157812574721e-003	3.287254e+000
4.317923437574721e-003	3.263531e+000
4.327689062574721e-003	3.236388e+000
4.337454687574720e-003	3.205926e+000
4.347220312574720e-003	3.172262e+000
4.356985937574720e-003	3.135521e+000
4.366751562574720e-003	3.095842e+000
4.371634375074720e-003	3.074947e+000
4.376517187574720e-003	3.053374e+000
4.381400000074719e-003	3.031144e+000
4.386282812574719e-003	3.008277e+000
4.391165625074719e-003	2.984795e+000
4.396048437574719e-003	2.960721e+000
4.400931250074719e-003	2.936075e+000
4.410696875074719e-003	2.885168e+000
4.420462500074719e-003	2.832265e+000
4.435110937574718e-003	2.749605e+000
4.442086384003290e-003	2.708822e+000
4.449061830431861e-003	2.667561e+000
4.456037276860433e-003	2.625820e+000
4.463012723289003e-003	2.583600e+000
4.469988169717575e-003	2.540901e+000
4.476963616146146e-003	2.497724e+000
4.483939062574717e-003	2.454067e+000
4.498587500074717e-003	2.362296e+000
4.502772767931860e-003	2.335985e+000
4.506958035789002e-003	2.309732e+000
4.511143303646145e-003	2.283538e+000
4.515328571503288e-003	2.257402e+000
4.519513839360431e-003	2.231324e+000
4.523699107217573e-003	2.205304e+000
4.527884375074716e-003	2.179343e+000
4.537650000074716e-003	2.118837e+000
4.547415625074716e-003	2.059760e+000
4.557181250074716e-003	2.002110e+000
4.566946875074716e-003	1.945889e+000
4.576712500074715e-003	1.891096e+000
4.586478125074715e-003	1.837731e+000
4.596243750074715e-003	1.785795e+000
4.611589732217571e-003	1.708024e+000
4.626935714360429e-003	1.637691e+000
4.642281696503285e-003	1.574796e+000
4.657627678646142e-003	1.519339e+000
4.672973660788999e-003	1.471319e+000
4.688319642931856e-003	1.430738e+000
4.703665625074713e-003	1.397594e+000
4.718314062574712e-003	1.375418e+000
4.732962500074712e-003	1.361533e+000
4.747610937574712e-003	1.356057e+000
4.762259375074711e-003	1.359035e+000
4.776907812574711e-003	1.370443e+000
4.791556250074711e-003	1.390185e+000
4.806204687574710e-003	1.418092e+000
4.820853125074710e-003	1.453930e+000
4.835501562574710e-003	1.497394e+000
4.850150000074710e-003	1.548116e+000
4.858520535788995e-003	1.580454e+000
4.866891071503281e-003	1.614682e+000
4.875261607217566e-003	1.650799e+000
4.883632142931852e-003	1.688805e+000
4.892002678646137e-003	1.728701e+000
4.900373214360423e-003	1.770486e+000
4.908743750074708e-003	1.814161e+000
4.913626562574708e-003	1.840179e+000
4.922694642931851e-003	1.890194e+000
4.931762723288993e-003	1.941292e+000
4.940830803646136e-003	1.993473e+000
4.949898884003279e-003	2.046738e+000
4.958966964360422e-003	2.101085e+000
4.968035044717564e-003	2.156515e+000
4.977103125074707e-003	2.213028e+000
4.996634375074706e-003	2.335128e+000
5.000000000000000e-003	2.356251e+000
