time	V(n005)
0.000000000000000e+000	1.587750e-014
4.882812557061023e-011	2.176932e-006
9.765625114122045e-011	3.996550e-006
1.953125022824409e-010	6.541919e-006
3.906250045648818e-010	9.236257e-006
7.812500091297636e-010	1.136708e-005
1.562500018259527e-009	1.415814e-005
3.125000036519054e-009	2.168853e-005
6.250000073038109e-009	4.000807e-005
1.250000014607622e-008	7.838948e-005
4.412723225095356e-006	2.721825e-002
8.812946450044637e-006	5.428117e-002
1.321316967499392e-005	8.126715e-002
1.761339289994320e-005	1.081762e-001
2.201361612489248e-005	1.350083e-001
2.641383934984176e-005	1.617634e-001
3.081406257479103e-005	1.884417e-001
3.918459828907675e-005	2.389930e-001
4.755513400336246e-005	2.885174e-001
5.592566971764818e-005	3.370147e-001
6.429620543193390e-005	3.844851e-001
7.266674114621962e-005	4.309284e-001
8.103727686050534e-005	4.763448e-001
8.940781257479103e-005	5.207342e-001
9.917343757479104e-005	5.702568e-001
1.040562500747910e-004	5.942035e-001
1.089390625747911e-004	6.175766e-001
1.138218750747911e-004	6.403536e-001
1.187046875747911e-004	6.625128e-001
1.235875000747911e-004	6.840330e-001
1.284703125747911e-004	7.048938e-001
1.333531250747911e-004	7.250751e-001
1.431187500747911e-004	7.633228e-001
1.528843750747911e-004	7.986304e-001
1.626500000747911e-004	8.308629e-001
1.724156250747911e-004	8.598974e-001
1.821812500747911e-004	8.856232e-001
1.919468750747911e-004	9.079419e-001
2.017125000747911e-004	9.267687e-001
2.114781250747911e-004	9.420315e-001
2.212437500747911e-004	9.536723e-001
2.358921875747912e-004	9.642490e-001
2.505406250747911e-004	9.664890e-001
2.651890625747911e-004	9.603731e-001
2.798375000747912e-004	9.459540e-001
2.896031250747912e-004	9.317867e-001
2.993687500747912e-004	9.140367e-001
3.091343750747912e-004	8.927718e-001
3.189000000747912e-004	8.680733e-001
3.286656250747912e-004	8.400353e-001
3.384312500747912e-004	8.087649e-001
3.481968750747912e-004	7.743815e-001
3.579625000747912e-004	7.370165e-001
3.677281250747912e-004	6.968125e-001
3.726109375747912e-004	6.756934e-001
3.774937500747912e-004	6.539230e-001
3.823765625747913e-004	6.315221e-001
3.872593750747913e-004	6.085120e-001
3.921421875747913e-004	5.849148e-001
3.970250000747913e-004	5.607530e-001
4.019078125747913e-004	5.360497e-001
4.116734375747913e-004	4.851136e-001
4.214390625747913e-004	4.323013e-001
4.360875000747913e-004	3.500086e-001
4.430629465033628e-004	3.094990e-001
4.500383929319342e-004	2.685771e-001
4.570138393605056e-004	2.272429e-001
4.639892857890770e-004	1.854965e-001
4.709647322176485e-004	1.433378e-001
4.779401786462199e-004	1.007668e-001
4.849156250747913e-004	5.778352e-002
4.946812500747914e-004	-2.292815e-003
5.093296875747914e-004	-9.235448e-002
5.170026786462200e-004	-1.395485e-001
5.246756697176485e-004	-1.861533e-001
5.323486607890771e-004	-2.321688e-001
5.400216518605057e-004	-2.775951e-001
5.476946429319343e-004	-3.224321e-001
5.553676340033628e-004	-3.666799e-001
5.630406250747914e-004	-4.103384e-001
5.755964286462200e-004	-4.801566e-001
5.881522322176485e-004	-5.460341e-001
6.007080357890771e-004	-6.079708e-001
6.132638393605058e-004	-6.659669e-001
6.258196429319344e-004	-7.200223e-001
6.383754465033630e-004	-7.701370e-001
6.509312500747915e-004	-8.163111e-001
6.655796875747915e-004	-8.628074e-001
6.802281250747915e-004	-9.021124e-001
6.948765625747915e-004	-9.339486e-001
7.095250000747915e-004	-9.581062e-001
7.241734375747916e-004	-9.744383e-001
7.388218750747916e-004	-9.828540e-001
7.534703125747916e-004	-9.833107e-001
7.681187500747916e-004	-9.758093e-001
7.827671875747916e-004	-9.603937e-001
7.974156250747916e-004	-9.371527e-001
8.120640625747916e-004	-9.062284e-001
8.267125000747916e-004	-8.678218e-001
8.413609375747917e-004	-8.221998e-001
8.546142857890774e-004	-7.739791e-001
8.678676340033631e-004	-7.213921e-001
8.811209822176489e-004	-6.644388e-001
8.943743304319346e-004	-6.031192e-001
9.076276786462203e-004	-5.374333e-001
9.208810268605060e-004	-4.673812e-001
9.341343750747917e-004	-3.929627e-001
9.418073661462202e-004	-3.489540e-001
9.494803572176489e-004	-3.043970e-001
9.571533482890774e-004	-2.592919e-001
9.648263393605060e-004	-2.136385e-001
9.724993304319345e-004	-1.674370e-001
9.801723215033631e-004	-1.206872e-001
9.878453125747916e-004	-7.338930e-002
1.012259375074791e-003	7.679349e-002
1.019932366146220e-003	1.240359e-001
1.027605357217648e-003	1.707039e-001
1.035278348289076e-003	2.167976e-001
1.042951339360505e-003	2.623170e-001
1.050624330431933e-003	3.072621e-001
1.058297321503361e-003	3.516328e-001
1.065970312574790e-003	3.954291e-001
1.080618750074790e-003	4.758223e-001
1.090384375074789e-003	5.271644e-001
1.100150000074789e-003	5.764738e-001
1.105032812574789e-003	6.003069e-001
1.109915625074789e-003	6.235619e-001
1.114798437574789e-003	6.462163e-001
1.119681250074789e-003	6.682487e-001
1.124564062574789e-003	6.896380e-001
1.129446875074789e-003	7.103637e-001
1.134329687574788e-003	7.304060e-001
1.144095312574788e-003	7.683648e-001
1.153860937574788e-003	8.033694e-001
1.163626562574788e-003	8.352860e-001
1.173392187574788e-003	8.639930e-001
1.183157812574787e-003	8.893809e-001
1.192923437574787e-003	9.113527e-001
1.202689062574787e-003	9.298246e-001
1.212454687574787e-003	9.447263e-001
1.222220312574787e-003	9.560008e-001
1.236868750074786e-003	9.660216e-001
1.251517187574786e-003	9.677022e-001
1.266165625074786e-003	9.610282e-001
1.280814062574785e-003	9.460571e-001
1.290579687574785e-003	9.315274e-001
1.300345312574785e-003	9.134212e-001
1.310110937574785e-003	8.918077e-001
1.319876562574785e-003	8.667693e-001
1.329642187574784e-003	8.384016e-001
1.339407812574784e-003	8.068129e-001
1.349173437574784e-003	7.721238e-001
1.358939062574784e-003	7.344669e-001
1.363821875074784e-003	7.145699e-001
1.368704687574784e-003	6.939857e-001
1.373587500074783e-003	6.727340e-001
1.378470312574783e-003	6.508352e-001
1.383353125074783e-003	6.283099e-001
1.388235937574783e-003	6.051799e-001
1.393118750074783e-003	5.814673e-001
1.398001562574783e-003	5.571946e-001
1.402884375074783e-003	5.323851e-001
1.412650000074783e-003	4.812510e-001
1.427298437574782e-003	4.011323e-001
1.434971428646211e-003	3.574616e-001
1.442644419717639e-003	3.132027e-001
1.450317410789068e-003	2.683557e-001
1.457990401860496e-003	2.229206e-001
1.465663392931924e-003	1.768974e-001
1.473336384003353e-003	1.302860e-001
1.481009375074781e-003	8.308654e-002
1.495657812574781e-003	-6.980195e-003
1.510306250074780e-003	-9.701811e-002
1.517979241146209e-003	-1.441786e-001
1.525652232217637e-003	-1.907363e-001
1.533325223289066e-003	-2.366910e-001
1.540998214360494e-003	-2.820429e-001
1.548671205431923e-003	-3.267918e-001
1.556344196503351e-003	-3.709379e-001
1.564017187574779e-003	-4.144810e-001
1.577270535789065e-003	-4.879559e-001
1.590523884003350e-003	-5.569380e-001
1.603777232217636e-003	-6.214271e-001
1.617030580431921e-003	-6.814234e-001
1.630283928646207e-003	-7.369269e-001
1.643537276860492e-003	-7.879375e-001
1.656790625074777e-003	-8.344553e-001
1.671439062574777e-003	-8.781156e-001
1.686087500074777e-003	-9.144652e-001
1.700735937574776e-003	-9.432542e-001
1.715384375074776e-003	-9.642985e-001
1.730032812574776e-003	-9.774745e-001
1.744681250074775e-003	-9.827113e-001
1.759329687574775e-003	-9.799842e-001
1.773978125074775e-003	-9.693112e-001
1.788626562574775e-003	-9.507535e-001
1.803275000074774e-003	-9.244204e-001
1.817923437574774e-003	-8.904767e-001
1.832571875074774e-003	-8.491493e-001
1.847220312574773e-003	-8.007325e-001
1.859776116146202e-003	-7.529855e-001
1.872331919717630e-003	-7.014137e-001
1.884887723289058e-003	-6.460171e-001
1.897443526860486e-003	-5.867955e-001
1.909999330431915e-003	-5.237492e-001
1.922555134003343e-003	-4.568779e-001
1.935110937574771e-003	-3.861818e-001
1.942783928646200e-003	-3.420639e-001
1.950456919717628e-003	-2.974116e-001
1.958129910789057e-003	-2.522248e-001
1.965802901860485e-003	-2.065036e-001
1.973475892931913e-003	-1.602479e-001
1.981148884003342e-003	-1.134577e-001
1.988821875074770e-003	-6.613316e-002
2.013235937574770e-003	8.403853e-002
2.020908928646198e-003	1.312473e-001
2.028581919717627e-003	1.778681e-001
2.036254910789055e-003	2.239008e-001
2.043927901860484e-003	2.693454e-001
2.051600892931912e-003	3.142020e-001
2.059273884003341e-003	3.584705e-001
2.066946875074769e-003	4.021510e-001
2.081595312574769e-003	4.822881e-001
2.091360937574768e-003	5.334344e-001
2.101126562574768e-003	5.825288e-001
2.106009375074768e-003	6.062475e-001
2.110892187574768e-003	6.293834e-001
2.115775000074768e-003	6.519146e-001
2.120657812574768e-003	6.738194e-001
2.125540625074768e-003	6.950770e-001
2.130423437574767e-003	7.156670e-001
2.135306250074767e-003	7.355697e-001
2.145071875074767e-003	7.732382e-001
2.154837500074767e-003	8.079385e-001
2.164603125074767e-003	8.395383e-001
2.174368750074767e-003	8.679168e-001
2.184134375074766e-003	8.929659e-001
2.193900000074766e-003	9.145900e-001
2.203665625074766e-003	9.327066e-001
2.213431250074766e-003	9.472466e-001
2.223196875074766e-003	9.581546e-001
2.237845312574765e-003	9.676194e-001
2.252493750074765e-003	9.687407e-001
2.267142187574765e-003	9.615091e-001
2.281790625074764e-003	9.459867e-001
2.291556250074764e-003	9.310954e-001
2.301321875074764e-003	9.126338e-001
2.311087500074764e-003	8.906726e-001
2.320853125074763e-003	8.652954e-001
2.330618750074763e-003	8.365993e-001
2.340384375074763e-003	8.046936e-001
2.350150000074763e-003	7.697003e-001
2.359915625074763e-003	7.317529e-001
2.364798437574762e-003	7.117164e-001
2.369681250074762e-003	6.909965e-001
2.374564062574762e-003	6.696130e-001
2.379446875074762e-003	6.475865e-001
2.384329687574762e-003	6.249380e-001
2.389212500074762e-003	6.016890e-001
2.394095312574762e-003	5.778618e-001
2.398978125074762e-003	5.534792e-001
2.408743750074762e-003	5.031415e-001
2.418509375074761e-003	4.508684e-001
2.433157812574761e-003	3.692688e-001
2.440133259003332e-003	3.290400e-001
2.447108705431903e-003	2.883646e-001
2.454084151860475e-003	2.472427e-001
2.461059598289046e-003	2.056742e-001
2.468035044717618e-003	1.636593e-001
2.475010491146189e-003	1.211978e-001
2.481985937574760e-003	7.828972e-002
2.485473660789046e-003	5.684733e-002
2.488961384003331e-003	3.540216e-002
2.492449107217617e-003	1.395423e-002
2.495936830431902e-003	-7.496477e-003
2.499424553646188e-003	-2.894996e-002
2.502912276860474e-003	-5.040621e-002
2.506400000074759e-003	-7.186523e-002
2.513375446503331e-003	-1.148234e-001
2.520350892931902e-003	-1.573568e-001
2.527326339360473e-003	-1.994655e-001
2.534301785789045e-003	-2.411494e-001
2.541277232217616e-003	-2.824085e-001
2.548252678646187e-003	-3.232429e-001
2.555228125074758e-003	-3.636525e-001
2.567086384003330e-003	-4.311676e-001
2.578944642931901e-003	-4.954320e-001
2.590802901860472e-003	-5.564459e-001
2.602661160789043e-003	-6.142090e-001
2.614519419717614e-003	-6.687216e-001
2.626377678646185e-003	-7.199835e-001
2.638235937574757e-003	-7.679948e-001
2.659859821503328e-003	-8.442294e-001
2.681483705431898e-003	-9.036284e-001
2.703107589360469e-003	-9.461919e-001
2.724731473289041e-003	-9.719199e-001
2.746355357217612e-003	-9.808124e-001
2.767979241146182e-003	-9.728694e-001
2.789603125074753e-003	-9.480909e-001
2.804251562574753e-003	-9.212459e-001
2.818900000074753e-003	-8.868033e-001
2.833548437574752e-003	-8.449946e-001
2.848196875074752e-003	-7.961183e-001
2.860752678646180e-003	-7.479929e-001
2.873308482217609e-003	-6.960710e-001
2.885864285789037e-003	-6.403526e-001
2.898420089360465e-003	-5.808377e-001
2.910975892931894e-003	-5.175262e-001
2.923531696503322e-003	-4.504183e-001
2.936087500074750e-003	-3.795138e-001
2.943760491146179e-003	-3.352884e-001
2.951433482217607e-003	-2.905422e-001
2.959106473289036e-003	-2.452754e-001
2.966779464360464e-003	-1.994880e-001
2.974452455431892e-003	-1.531798e-001
2.982125446503321e-003	-1.063510e-001
2.989798437574749e-003	-5.900156e-002
3.009329687574749e-003	6.118508e-002
3.017002678646177e-003	1.085129e-001
3.024675669717606e-003	1.553076e-001
3.032348660789034e-003	2.015693e-001
3.040021651860462e-003	2.472979e-001
3.047694642931891e-003	2.924934e-001
3.055367634003319e-003	3.371558e-001
3.063040625074748e-003	3.812852e-001
3.077689062574747e-003	4.624191e-001
3.087454687574747e-003	5.143307e-001
3.097220312574747e-003	5.642677e-001
3.102103125074747e-003	5.884358e-001
3.106985937574747e-003	6.120391e-001
3.111868750074747e-003	6.350554e-001
3.116751562574746e-003	6.574624e-001
3.121634375074746e-003	6.792389e-001
3.126517187574746e-003	7.003640e-001
3.131400000074746e-003	7.208175e-001
3.141165625074746e-003	7.596325e-001
3.150931250074746e-003	7.955354e-001
3.160696875074746e-003	8.283894e-001
3.170462500074745e-003	8.580690e-001
3.180228125074745e-003	8.844610e-001
3.189993750074745e-003	9.074646e-001
3.199759375074745e-003	9.269921e-001
3.209525000074744e-003	9.429690e-001
3.219290625074744e-003	9.553344e-001
3.233939062574744e-003	9.670116e-001
3.248587500074744e-003	9.703601e-001
3.263235937574743e-003	9.653511e-001
3.277884375074743e-003	9.520277e-001
3.287650000074743e-003	9.385800e-001
3.297415625074743e-003	9.215376e-001
3.307181250074742e-003	9.009659e-001
3.316946875074742e-003	8.769430e-001
3.326712500074742e-003	8.495609e-001
3.336478125074742e-003	8.189239e-001
3.346243750074742e-003	7.851491e-001
3.356009375074741e-003	7.483654e-001
3.365775000074741e-003	7.087133e-001
3.370657812574741e-003	6.878585e-001
3.375540625074741e-003	6.663442e-001
3.380423437574741e-003	6.441910e-001
3.385306250074741e-003	6.214200e-001
3.390189062574741e-003	5.980530e-001
3.395071875074741e-003	5.741123e-001
3.399954687574740e-003	5.496209e-001
3.409720312574740e-003	4.990796e-001
3.419485937574740e-003	4.466226e-001
3.434134375074740e-003	3.647857e-001
3.441109821503311e-003	3.244602e-001
3.448085267931882e-003	2.836995e-001
3.455060714360453e-003	2.425037e-001
3.462036160789025e-003	2.008728e-001
3.469011607217596e-003	1.588067e-001
3.475987053646167e-003	1.163055e-001
3.482962500074739e-003	7.336923e-002
3.497610937574738e-003	-1.674251e-002
3.512259375074738e-003	-1.067219e-001
3.519932366146166e-003	-1.538097e-001
3.527605357217595e-003	-2.002673e-001
3.535278348289023e-003	-2.460949e-001
3.542951339360452e-003	-2.912923e-001
3.550624330431880e-003	-3.358596e-001
3.558297321503309e-003	-3.797968e-001
3.565970312574737e-003	-4.231038e-001
3.579223660789022e-003	-4.961002e-001
3.592477009003308e-003	-5.645440e-001
3.605730357217593e-003	-6.284352e-001
3.618983705431878e-003	-6.877739e-001
3.632237053646164e-003	-7.425601e-001
3.645490401860449e-003	-7.927937e-001
3.658743750074735e-003	-8.384747e-001
3.673392187574735e-003	-8.811819e-001
3.688040625074734e-003	-9.165411e-001
3.702689062574734e-003	-9.443111e-001
3.717337500074734e-003	-9.643166e-001
3.731985937574733e-003	-9.764410e-001
3.746634375074733e-003	-9.806201e-001
3.761282812574733e-003	-9.768349e-001
3.775931250074732e-003	-9.651090e-001
3.790579687574732e-003	-9.455096e-001
3.805228125074732e-003	-9.181533e-001
3.819876562574731e-003	-8.832128e-001
3.834525000074731e-003	-8.409239e-001
3.849173437574731e-003	-7.915897e-001
3.861729241146159e-003	-7.430875e-001
3.874285044717588e-003	-6.908172e-001
3.886840848289016e-003	-6.347790e-001
3.899396651860444e-003	-5.749727e-001
3.911952455431873e-003	-5.113985e-001
3.924508259003301e-003	-4.440563e-001
3.937064062574729e-003	-3.729461e-001
3.944039509003300e-003	-3.327216e-001
3.951014955431872e-003	-2.920496e-001
3.957990401860443e-003	-2.509300e-001
3.964965848289014e-003	-2.093628e-001
3.971941294717585e-003	-1.673481e-001
3.978916741146157e-003	-1.248857e-001
3.985892187574728e-003	-8.197572e-002
4.000540625074728e-003	8.124834e-003
4.005423437574728e-003	3.825179e-002
4.010306250074727e-003	6.827006e-002
4.015189062574727e-003	9.817965e-002
4.020071875074727e-003	1.279805e-001
4.024954687574727e-003	1.576728e-001
4.029837500074727e-003	1.872563e-001
4.034720312574727e-003	2.167311e-001
4.043090848289012e-003	2.669724e-001
4.051461384003298e-003	3.161246e-001
4.059831919717583e-003	3.641876e-001
4.068202455431869e-003	4.111614e-001
4.076572991146154e-003	4.570461e-001
4.084943526860440e-003	5.018417e-001
4.093314062574726e-003	5.455481e-001
4.098196875074726e-003	5.701508e-001
4.103079687574725e-003	5.942072e-001
4.107962500074725e-003	6.176944e-001
4.112845312574725e-003	6.405901e-001
4.117728125074725e-003	6.628723e-001
4.122610937574725e-003	6.845196e-001
4.127493750074725e-003	7.055115e-001
4.132376562574725e-003	7.258278e-001
4.142142187574725e-003	7.643570e-001
4.151907812574724e-003	7.999601e-001
4.161673437574724e-003	8.325011e-001
4.171439062574724e-003	8.618557e-001
4.181204687574724e-003	8.879122e-001
4.190970312574724e-003	9.105709e-001
4.200735937574723e-003	9.297454e-001
4.210501562574723e-003	9.453627e-001
4.220267187574723e-003	9.573631e-001
4.234915625074723e-003	9.684859e-001
4.249564062574722e-003	9.712757e-001
4.264212500074722e-003	9.657087e-001
4.278860937574722e-003	9.518328e-001
4.288626562574721e-003	9.380221e-001
4.298392187574721e-003	9.206226e-001
4.308157812574721e-003	8.997009e-001
4.317923437574721e-003	8.753368e-001
4.327689062574721e-003	8.476232e-001
4.337454687574720e-003	8.166659e-001
4.347220312574720e-003	7.825832e-001
4.356985937574720e-003	7.455051e-001
4.366751562574720e-003	7.055733e-001
4.371634375074720e-003	6.845844e-001
4.376517187574720e-003	6.629401e-001
4.381400000074719e-003	6.406611e-001
4.386282812574719e-003	6.177686e-001
4.391165625074719e-003	5.942845e-001
4.396048437574719e-003	5.702313e-001
4.400931250074719e-003	5.456320e-001
4.410696875074719e-003	4.948893e-001
4.420462500074719e-003	4.422505e-001
4.435110937574718e-003	3.601795e-001
4.442086384003290e-003	3.197590e-001
4.449061830431861e-003	2.789147e-001
4.456037276860433e-003	2.376467e-001
4.463012723289003e-003	1.959550e-001
4.469988169717575e-003	1.538395e-001
4.476963616146146e-003	1.113004e-001
4.483939062574717e-003	6.833747e-002
4.498587500074717e-003	-2.179129e-002
4.502772767931860e-003	-4.758757e-002
4.506958035789002e-003	-7.330559e-002
4.511143303646145e-003	-9.894534e-002
4.515328571503288e-003	-1.245068e-001
4.519513839360431e-003	-1.499901e-001
4.523699107217573e-003	-1.753950e-001
4.527884375074716e-003	-2.007217e-001
4.537650000074716e-003	-2.596601e-001
4.547415625074716e-003	-3.170769e-001
4.557181250074716e-003	-3.729720e-001
4.566946875074716e-003	-4.273456e-001
4.576712500074715e-003	-4.801975e-001
4.586478125074715e-003	-5.315278e-001
4.596243750074715e-003	-5.813365e-001
4.611589732217571e-003	-6.554640e-001
4.626935714360429e-003	-7.221973e-001
4.642281696503285e-003	-7.815365e-001
4.657627678646142e-003	-8.334815e-001
4.672973660788999e-003	-8.780324e-001
4.688319642931856e-003	-9.151891e-001
4.703665625074713e-003	-9.449517e-001
4.718314062574712e-003	-9.644365e-001
4.732962500074712e-003	-9.760345e-001
4.747610937574712e-003	-9.796842e-001
4.762259375074711e-003	-9.753698e-001
4.776907812574711e-003	-9.631176e-001
4.791556250074711e-003	-9.429981e-001
4.806204687574710e-003	-9.151311e-001
4.820853125074710e-003	-8.796935e-001
4.835501562574710e-003	-8.369256e-001
4.850150000074710e-003	-7.871352e-001
4.858520535788995e-003	-7.554297e-001
4.866891071503281e-003	-7.218705e-001
4.875261607217566e-003	-6.864575e-001
4.883632142931852e-003	-6.491907e-001
4.892002678646137e-003	-6.100701e-001
4.900373214360423e-003	-5.690958e-001
4.908743750074708e-003	-5.262676e-001
4.913626562574708e-003	-5.007458e-001
4.922694642931851e-003	-4.516726e-001
4.931762723288993e-003	-4.015327e-001
4.940830803646136e-003	-3.503263e-001
4.949898884003279e-003	-2.980531e-001
4.958966964360422e-003	-2.447134e-001
4.968035044717564e-003	-1.903070e-001
4.977103125074707e-003	-1.348340e-001
4.996634375074706e-003	-1.501445e-002
5.000000000000000e-003	5.710043e-003
