time	V(vin)	V(vo)
0.000000000000000e+00	0.000000e+00	1.096894e+00
6.860692112677271e-07	8.621607e-04	1.095186e+00
1.372138422535454e-06	1.724271e-03	1.089216e+00
2.058207633803181e-06	2.586331e-03	1.078983e+00
2.744276845070908e-06	3.448340e-03	1.064487e+00
3.430346056338636e-06	4.310298e-03	1.045728e+00
4.116415267606363e-06	5.172207e-03	1.022707e+00
4.802484478874088e-06	6.034064e-03	9.954225e-01
9.424389682769163e-06	1.183612e-02	7.279086e-01
1.674939230309294e-05	2.100908e-02	5.141684e-02
2.573586629078303e-05	3.219989e-02	-1.160678e+00
3.550149129078303e-05	4.424345e-02	-2.916076e+00
4.526711629078303e-05	5.612048e-02	-5.036304e+00
5.503274129078303e-05	6.778629e-02	-7.422294e+00
6.479836629078304e-05	7.919697e-02	-9.551513e+00
7.314208132178109e-05	8.871170e-02	-1.059879e+01
7.423535734321440e-05	8.994091e-02	-1.063591e+01
7.642190938608098e-05	9.238653e-02	-1.063295e+01
9.930684664328055e-05	1.168512e-01	-1.063429e+01
1.188380966432805e-04	1.358414e-01	-1.063477e+01
1.383693466432805e-04	1.527884e-01	-1.063497e+01
1.579005966432806e-04	1.674373e-01	-1.063507e+01
1.774318466432806e-04	1.795678e-01	-1.063511e+01
1.969630966432806e-04	1.889974e-01	-1.063513e+01
2.164943466432806e-04	1.955844e-01	-1.063514e+01
2.360255966432806e-04	1.992295e-01	-1.063515e+01
2.555568466432806e-04	1.998781e-01	-1.063514e+01
2.750880966432807e-04	1.975203e-01	-1.063514e+01
2.946193466432807e-04	1.921916e-01	-1.063513e+01
3.141505966432807e-04	1.839722e-01	-1.063511e+01
3.336818466432807e-04	1.729857e-01	-1.063507e+01
3.532130966432807e-04	1.593973e-01	-1.063500e+01
3.727443466432808e-04	1.434114e-01	-1.063485e+01
3.922755966432808e-04	1.252685e-01	-1.063451e+01
4.118068466432808e-04	1.052414e-01	-1.063374e+01
4.313380966432808e-04	8.363140e-02	-1.063187e+01
4.411037216432808e-04	7.233357e-02	-1.063006e+01
4.508693466432808e-04	6.076350e-02	-1.062713e+01
4.606349716432808e-04	4.896472e-02	-1.062233e+01
4.704005966432808e-04	3.698166e-02	-1.061370e+01
4.801662216432808e-04	2.485940e-02	-1.059345e+01
4.899318466432809e-04	1.264358e-02	-1.047845e+01
4.996974716432809e-04	3.801681e-04	-1.005293e+01
5.094630966432809e-04	-1.188467e-02	-9.119966e+00
5.192287216432809e-04	-2.410478e-02	-7.660632e+00
5.289943466432809e-04	-3.623417e-02	-5.771324e+00
5.387599716432809e-04	-4.822717e-02	-3.561392e+00
5.485255966432809e-04	-6.003866e-02	-1.147067e+00
5.582912216432809e-04	-7.162418e-02	1.410333e+00
5.680568466432809e-04	-8.294012e-02	4.123394e+00
5.778224716432809e-04	-9.394390e-02	6.960210e+00
5.875880966432809e-04	-1.045941e-01	9.405463e+00
5.957683581892157e-04	-1.132139e-01	1.059314e+01
5.968490930191253e-04	-1.143309e-01	1.063728e+01
6.119793806378596e-04	-1.293914e-01	1.063475e+01
6.315106306378596e-04	-1.470866e-01	1.063495e+01
6.510418806378596e-04	-1.625695e-01	1.063507e+01
6.705731306378596e-04	-1.756072e-01	1.063512e+01
6.901043806378596e-04	-1.860036e-01	1.063514e+01
7.096356306378597e-04	-1.936022e-01	1.063515e+01
7.291668806378597e-04	-1.982890e-01	1.063515e+01
7.486981306378597e-04	-1.999933e-01	1.063515e+01
7.682293806378597e-04	-1.986895e-01	1.063515e+01
7.877606306378597e-04	-1.943973e-01	1.063514e+01
8.072918806378597e-04	-1.871811e-01	1.063512e+01
8.268231306378598e-04	-1.771495e-01	1.063510e+01
8.463543806378598e-04	-1.644535e-01	1.063504e+01
8.658856306378598e-04	-1.492839e-01	1.063494e+01
8.854168806378598e-04	-1.318690e-01	1.063471e+01
9.049481306378598e-04	-1.124706e-01	1.063418e+01
9.244793806378599e-04	-9.138054e-02	1.063293e+01
9.440106306378599e-04	-6.891605e-02	1.062981e+01
9.537762556378599e-04	-5.727330e-02	1.062672e+01
9.635418806378599e-04	-4.541499e-02	1.062161e+01
9.733075056378599e-04	-3.338575e-02	1.061228e+01
9.830731306378598e-04	-2.123085e-02	1.058815e+01
9.928387556378598e-04	-8.996049e-03	1.045407e+01
1.002604380637860e-03	3.272615e-03	9.982384e+00
1.012370005637860e-03	1.552896e-02	8.986969e+00
1.022135630637860e-03	2.772686e-02	7.470938e+00
1.031901255637860e-03	3.982040e-02	5.538834e+00
1.041666880637860e-03	5.176407e-02	3.299218e+00
1.051432505637860e-03	6.351291e-02	8.649606e-01
1.061198130637860e-03	7.502270e-02	-1.708154e+00
1.070963755637860e-03	8.625012e-02	-4.433640e+00
1.080729380637860e-03	9.715291e-02	-7.278342e+00
1.090495005637860e-03	1.076901e-01	-9.669485e+00
1.098134734456197e-03	1.156527e-01	-1.061434e+01
1.099143943171919e-03	1.166851e-01	-1.063883e+01
1.101162360603361e-03	1.187356e-01	-1.063440e+01
1.123038490192014e-03	1.396677e-01	-1.063490e+01
1.142569740192014e-03	1.561409e-01	-1.063507e+01
1.162100990192014e-03	1.702655e-01	-1.063514e+01
1.181632240192014e-03	1.818292e-01	-1.063517e+01
1.201163490192014e-03	1.906580e-01	-1.063518e+01
1.220694740192014e-03	1.966192e-01	-1.063518e+01
1.240225990192014e-03	1.996230e-01	-1.063518e+01
1.259757240192014e-03	1.996243e-01	-1.063517e+01
1.279288490192014e-03	1.966230e-01	-1.063516e+01
1.298819740192014e-03	1.906644e-01	-1.063515e+01
1.318350990192014e-03	1.818380e-01	-1.063512e+01
1.337882240192014e-03	1.702766e-01	-1.063508e+01
1.357413490192014e-03	1.561540e-01	-1.063499e+01
1.376944740192014e-03	1.396828e-01	-1.063481e+01
1.396475990192014e-03	1.211106e-01	-1.063441e+01
1.416007240192014e-03	1.007168e-01	-1.063348e+01
1.435538490192014e-03	7.880809e-02	-1.063120e+01
1.445304115192014e-03	6.738789e-02	-1.062898e+01
1.455069740192014e-03	5.571406e-02	-1.062537e+01
1.464835365192014e-03	4.383053e-02	-1.061935e+01
1.474600990192014e-03	3.178203e-02	-1.060765e+01
1.484366615192015e-03	1.961391e-02	-1.056167e+01
1.494132240192015e-03	7.371974e-03	-1.034575e+01
1.503897865192015e-03	-4.897712e-03	-9.724365e+00
1.513663490192015e-03	-1.714896e-02	-8.560734e+00
1.523429115192015e-03	-2.933567e-02	-6.902132e+00
1.533194740192015e-03	-4.141197e-02	-4.861712e+00
1.542960365192015e-03	-5.333240e-02	-2.551918e+00
1.552725990192015e-03	-6.505209e-02	-6.918951e-02
1.562491615192015e-03	-7.652695e-02	2.556778e+00
1.572257240192015e-03	-8.771378e-02	5.325819e+00
1.582022865192015e-03	-9.857047e-02	8.068925e+00
1.591788490192015e-03	-1.090562e-01	1.048320e+01
1.593009193317015e-03	-1.103388e-01	1.062426e+01
1.609612686274391e-03	-1.271094e-01	1.063459e+01
1.629143936274391e-03	-1.450552e-01	1.063486e+01
1.648675186274391e-03	-1.608192e-01	1.063499e+01
1.668206436274391e-03	-1.741644e-01	1.063505e+01
1.687737686274391e-03	-1.848900e-01	1.063508e+01
1.707268936274391e-03	-1.928347e-01	1.063510e+01
1.726800186274391e-03	-1.978789e-01	1.063517e+01
1.746331436274391e-03	-1.999469e-01	1.063532e+01
1.765862686274391e-03	-1.990075e-01	1.063531e+01
1.785393936274391e-03	-1.950748e-01	1.063528e+01
1.804925186274391e-03	-1.882080e-01	1.063525e+01
1.824456436274391e-03	-1.785104e-01	1.063521e+01
1.843987686274391e-03	-1.661278e-01	1.063515e+01
1.863518936274391e-03	-1.512465e-01	1.063504e+01
1.883050186274391e-03	-1.340903e-01	1.063482e+01
1.902581436274391e-03	-1.149173e-01	1.063434e+01
1.922112686274391e-03	-9.401582e-02	1.063321e+01
1.941643936274391e-03	-7.170025e-02	1.063042e+01
1.951409561274391e-03	-6.011638e-02	1.062768e+01
1.961175186274391e-03	-4.830625e-02	1.062304e+01
1.970940811274391e-03	-3.631430e-02	1.061515e+01
1.980706436274391e-03	-2.418567e-02	1.059701e+01
1.990472061274391e-03	-1.196601e-02	1.050106e+01
2.000237686274390e-03	2.986853e-04	1.012952e+01
2.010003311274390e-03	1.256226e-02	9.267404e+00
2.019768936274390e-03	2.477855e-02	7.869985e+00
2.029534561274390e-03	3.690157e-02	6.028847e+00
2.039300186274390e-03	4.888571e-02	3.854267e+00
2.049065811274389e-03	6.068586e-02	1.464959e+00
2.058831436274389e-03	7.225760e-02	-1.072374e+00
2.068597061274389e-03	8.355737e-02	-3.767922e+00
2.078362686274389e-03	9.454266e-02	-6.591706e+00
2.088128311274389e-03	1.051721e-01	-9.041667e+00
2.097893936274388e-03	1.154057e-01	-1.057720e+01
2.099018141673396e-03	1.165566e-01	-1.063611e+01
2.101266552471411e-03	1.188409e-01	-1.063438e+01
2.114757017259501e-03	1.320332e-01	-1.063470e+01
2.134288267259501e-03	1.494292e-01	-1.063492e+01
2.153819517259500e-03	1.645778e-01	-1.063503e+01
2.173350767259500e-03	1.772509e-01	-1.063509e+01
2.192882017259500e-03	1.872580e-01	-1.063511e+01
2.212413267259499e-03	1.944485e-01	-1.063513e+01
2.231944517259499e-03	1.987144e-01	-1.063513e+01
2.251475767259498e-03	1.999914e-01	-1.063513e+01
2.271007017259498e-03	1.982604e-01	-1.063513e+01
2.290538267259497e-03	1.935473e-01	-1.063512e+01
2.310069517259497e-03	1.859231e-01	-1.063511e+01
2.329600767259497e-03	1.755025e-01	-1.063507e+01
2.349132017259496e-03	1.624421e-01	-1.063501e+01
2.368663267259496e-03	1.469385e-01	-1.063488e+01
2.388194517259495e-03	1.292247e-01	-1.063460e+01
2.407725767259495e-03	1.095673e-01	-1.063396e+01
2.427257017259495e-03	8.826194e-02	-1.063241e+01
2.446788267259494e-03	6.562901e-02	-1.062852e+01
2.456553892259494e-03	5.392045e-02	-1.062463e+01
2.466319517259494e-03	4.200895e-02	-1.061799e+01
2.476085142259494e-03	2.993933e-02	-1.060479e+01
2.485850767259493e-03	1.775704e-02	-1.054203e+01
2.495616392259493e-03	5.507907e-03	-1.027098e+01
2.505382017259493e-03	-6.761953e-03	-9.565273e+00
2.515147642259493e-03	-1.900636e-02	-8.320170e+00
2.524913267259492e-03	-3.117924e-02	-6.597102e+00
2.534678892259492e-03	-4.323476e-02	-4.508640e+00
2.544444517259492e-03	-5.512756e-02	-2.174715e+00
2.554210142259492e-03	-6.681287e-02	3.229915e-01
2.563975767259492e-03	-7.824671e-02	2.978860e+00
2.573741392259491e-03	-8.938605e-02	5.772886e+00
2.583507017259491e-03	-1.001890e-01	8.414096e+00
2.593272642259491e-03	-1.106148e-01	1.051733e+01
2.594493345384491e-03	-1.118895e-01	1.063011e+01
2.611583189134491e-03	-1.290114e-01	1.063478e+01
2.631114439134490e-03	-1.467488e-01	1.063499e+01
2.650645689134490e-03	-1.622790e-01	1.063508e+01
2.670176939134490e-03	-1.753683e-01	1.063513e+01
2.689708189134489e-03	-1.858200e-01	1.063515e+01
2.709239439134489e-03	-1.934767e-01	1.063516e+01
2.728770689134488e-03	-1.982234e-01	1.063517e+01
2.748301939134488e-03	-1.999886e-01	1.063516e+01
2.767833189134488e-03	-1.987458e-01	1.063516e+01
2.787364439134487e-03	-1.945137e-01	1.063515e+01
2.806895689134487e-03	-1.873559e-01	1.063513e+01
2.826426939134486e-03	-1.773801e-01	1.063510e+01
2.845958189134486e-03	-1.647363e-01	1.063505e+01
2.865489439134485e-03	-1.496148e-01	1.063494e+01
2.885020689134485e-03	-1.322429e-01	1.063472e+01
2.904551939134485e-03	-1.128819e-01	1.063420e+01
2.924083189134484e-03	-9.182312e-02	1.063297e+01
2.943614439134484e-03	-6.938321e-02	1.062991e+01
2.953380064134484e-03	-5.775014e-02	1.062688e+01
2.963145689134483e-03	-4.589971e-02	1.062179e+01
2.972911314134483e-03	-3.387653e-02	1.061276e+01
2.982676939134483e-03	-2.172584e-02	1.058926e+01
2.992442564134483e-03	-9.493385e-03	1.046188e+01
3.002208189134483e-03	2.774803e-03	1.000927e+01
3.011973814134482e-03	1.503255e-02	9.037409e+00
3.021739439134482e-03	2.723371e-02	7.540698e+00
3.031505064134482e-03	3.933238e-02	5.623330e+00
3.041270689134482e-03	5.128301e-02	3.394072e+00
3.051036314134481e-03	6.304061e-02	9.670113e-01
3.060801939134481e-03	7.456095e-02	-1.600090e+00
3.070567564134481e-03	8.580066e-02	-4.320658e+00
3.080333189134481e-03	9.671743e-02	-7.162061e+00
3.090098814134481e-03	1.072702e-01	-9.573740e+00
3.097925217187983e-03	1.154378e-01	-1.060650e+01
3.098960331740860e-03	1.164976e-01	-1.063822e+01
3.101030560846613e-03	1.186023e-01	-1.063436e+01
3.123217560481133e-03	1.398287e-01	-1.063490e+01
3.142748810481132e-03	1.562814e-01	-1.063504e+01
3.162280060481132e-03	1.703835e-01	-1.063512e+01
3.181811310481131e-03	1.819228e-01	-1.063515e+01
3.201342560481131e-03	1.907259e-01	-1.063517e+01
3.220873810481131e-03	1.966603e-01	-1.063517e+01
3.240405060481130e-03	1.996367e-01	-1.063517e+01
3.259936310481130e-03	1.996104e-01	-1.063516e+01
3.279467560481129e-03	1.965817e-01	-1.063515e+01
3.298998810481129e-03	1.905963e-01	-1.063514e+01
3.318530060481128e-03	1.817442e-01	-1.063511e+01
3.338061310481128e-03	1.701584e-01	-1.063507e+01
3.357592560481128e-03	1.560133e-01	-1.063498e+01
3.377123810481127e-03	1.395217e-01	-1.063480e+01
3.396655060481127e-03	1.209314e-01	-1.063440e+01
3.416186310481126e-03	1.005223e-01	-1.063346e+01
3.435717560481126e-03	7.860122e-02	-1.063117e+01
3.445483185481126e-03	6.717598e-02	-1.062893e+01
3.455248810481126e-03	5.549790e-02	-1.062528e+01
3.465014435481125e-03	4.361095e-02	-1.061920e+01
3.474780060481125e-03	3.155984e-02	-1.060736e+01
3.484545685481125e-03	1.938996e-02	-1.055933e+01
3.494311310481125e-03	7.147096e-03	-1.033668e+01
3.504076935481124e-03	-5.122668e-03	-9.705103e+00
3.513842560481124e-03	-1.737315e-02	-8.531600e+00
3.523608185481124e-03	-2.955825e-02	-6.865111e+00
3.533373810481124e-03	-4.163209e-02	-4.818792e+00
3.543139435481124e-03	-5.354924e-02	-2.506150e+00
3.552905060481123e-03	-6.526484e-02	-2.172037e-02
3.562670685481123e-03	-7.673480e-02	2.608028e+00
3.572436310481123e-03	-8.791596e-02	5.380270e+00
3.582201935481123e-03	-9.876621e-02	8.111130e+00
3.591967560481123e-03	-1.092447e-01	1.048771e+01
3.593188263606123e-03	-1.105264e-01	1.062522e+01
3.610231939889314e-03	-1.277092e-01	1.063460e+01
3.629763189889314e-03	-1.455899e-01	1.063486e+01
3.649294439889313e-03	-1.612807e-01	1.063499e+01
3.668825689889313e-03	-1.745457e-01	1.063506e+01
3.688356939889312e-03	-1.851853e-01	1.063515e+01
3.707888189889312e-03	-1.930396e-01	1.063532e+01
3.727419439889312e-03	-1.979904e-01	1.063532e+01
3.746950689889311e-03	-1.999633e-01	1.063530e+01
3.766481939889311e-03	-1.989285e-01	1.063528e+01
3.786013189889310e-03	-1.949017e-01	1.063526e+01
3.805544439889310e-03	-1.879433e-01	1.063523e+01
3.825075689889310e-03	-1.781581e-01	1.063519e+01
3.844606939889309e-03	-1.656932e-01	1.063513e+01
3.864138189889309e-03	-1.507362e-01	1.063502e+01
3.883669439889308e-03	-1.335119e-01	1.063480e+01
3.903200689889308e-03	-1.142795e-01	1.063431e+01
3.922731939889307e-03	-9.332827e-02	1.063314e+01
3.942263189889307e-03	-7.097326e-02	1.063027e+01
3.952028814889307e-03	-5.937374e-02	1.062744e+01
3.961794439889307e-03	-4.755075e-02	1.062266e+01
3.971560064889306e-03	-3.554878e-02	1.061447e+01
3.981325689889306e-03	-2.341302e-02	1.059487e+01
3.991091314889306e-03	-1.118914e-02	1.048980e+01
4.000856939889306e-03	1.076857e-03	1.009376e+01
4.010622564889306e-03	1.333880e-02	9.197303e+00
4.020388189889305e-03	2.555054e-02	7.768177e+00
4.030153814889305e-03	3.766611e-02	5.902608e+00
4.039919439889305e-03	4.963992e-02	3.710354e+00
4.049685064889305e-03	6.142689e-02	1.308919e+00
4.059450689889305e-03	7.298266e-02	-1.237735e+00
4.069216314889304e-03	8.426375e-02	-3.941301e+00
4.078981939889304e-03	9.522768e-02	-6.770860e+00
4.088747564889304e-03	1.058332e-01	-9.241461e+00
4.097320122676299e-03	1.148160e-01	-1.058074e+01
4.098445339551908e-03	1.159709e-01	-1.063633e+01
4.100695773303127e-03	1.182633e-01	-1.063438e+01
4.114198375810437e-03	1.315051e-01	-1.063470e+01
4.133729625810437e-03	1.489617e-01	-1.063492e+01
4.153260875810436e-03	1.641779e-01	-1.063504e+01
4.172792125810436e-03	1.769246e-01	-1.063509e+01
4.192323375810435e-03	1.870102e-01	-1.063512e+01
4.211854625810435e-03	1.942831e-01	-1.063513e+01
4.231385875810434e-03	1.986337e-01	-1.063514e+01
4.250917125810434e-03	1.999967e-01	-1.063514e+01
4.270448375810434e-03	1.983515e-01	-1.063513e+01
4.289979625810433e-03	1.937230e-01	-1.063512e+01
4.309510875810433e-03	1.861807e-01	-1.063511e+01
4.329042125810432e-03	1.758380e-01	-1.063508e+01
4.348573375810432e-03	1.628506e-01	-1.063502e+01
4.368104625810432e-03	1.474138e-01	-1.063489e+01
4.387635875810431e-03	1.297597e-01	-1.063462e+01
4.407167125810431e-03	1.101539e-01	-1.063399e+01
4.426698375810430e-03	8.889134e-02	-1.063248e+01
4.446229625810430e-03	6.629173e-02	-1.062870e+01
4.455995250810430e-03	5.459613e-02	-1.062491e+01
4.465760875810429e-03	4.269503e-02	-1.061848e+01
4.475526500810429e-03	3.063325e-02	-1.060589e+01
4.485292125810429e-03	1.845616e-02	-1.054931e+01
4.495057750810429e-03	6.209616e-03	-1.029857e+01
4.504823375810429e-03	-6.060305e-03	-9.624358e+00
4.514589000810428e-03	-1.830742e-02	-8.409817e+00
4.524354625810428e-03	-3.048562e-02	-6.710801e+00
4.534120250810428e-03	-4.254908e-02	-4.640215e+00
4.543885875810428e-03	-5.445240e-02	-2.316125e+00
4.553651500810428e-03	-6.615078e-02	1.751180e-01
4.563417125810427e-03	-7.760017e-02	2.820721e+00
4.573182750810427e-03	-8.875750e-02	5.606349e+00
4.582948375810427e-03	-9.958076e-02	8.285799e+00
4.592714000810427e-03	-1.100292e-01	1.050516e+01
4.593934703935426e-03	-1.113070e-01	1.062830e+01
4.611024547685427e-03	-1.284742e-01	1.063466e+01
4.630555797685426e-03	-1.462709e-01	1.063504e+01
4.650087047685426e-03	-1.618677e-01	1.063515e+01
4.669618297685425e-03	-1.750298e-01	1.063519e+01
4.689149547685425e-03	-1.855592e-01	1.063521e+01
4.708680797685424e-03	-1.932977e-01	1.063521e+01
4.728212047685424e-03	-1.981288e-01	1.063521e+01
4.747743297685424e-03	-1.999799e-01	1.063520e+01
4.767274547685423e-03	-1.988231e-01	1.063519e+01
4.786805797685423e-03	-1.946758e-01	1.063518e+01
4.806337047685422e-03	-1.876004e-01	1.063516e+01
4.825868297685422e-03	-1.777033e-01	1.063513e+01
4.845399547685422e-03	-1.651334e-01	1.063507e+01
4.864930797685421e-03	-1.500797e-01	1.063497e+01
4.884462047685421e-03	-1.327687e-01	1.063474e+01
4.903993297685420e-03	-1.134607e-01	1.063424e+01
4.923524547685420e-03	-9.244620e-02	1.063303e+01
4.943055797685419e-03	-7.004119e-02	1.063005e+01
4.952821422685419e-03	-5.842189e-02	1.062711e+01
4.962587047685419e-03	-4.658270e-02	1.062215e+01
4.972352672685419e-03	-3.456819e-02	1.061347e+01
4.982118297685419e-03	-2.242356e-02	1.059177e+01
4.991883922685418e-03	-1.019454e-02	1.047407e+01
5.001649547685418e-03	2.072846e-03	1.004510e+01
5.011415172685418e-03	1.433243e-02	9.104267e+00
5.021180797685418e-03	2.653808e-02	7.635249e+00
5.030946422685418e-03	3.864384e-02	5.739059e+00
5.040712047685417e-03	5.060415e-02	3.524843e+00
5.050477672685417e-03	6.237400e-02	1.108227e+00
5.060243297685417e-03	7.390909e-02	-1.450398e+00
5.070008922685417e-03	8.516601e-02	-4.163993e+00
5.079774547685417e-03	9.610237e-02	-7.000609e+00
5.089540172685416e-03	1.066770e-01	-9.438616e+00
5.097650226021926e-03	1.151555e-01	-1.059582e+01
5.098722234113110e-03	1.162542e-01	-1.063754e+01
5.100866250295478e-03	1.184360e-01	-1.063448e+01
5.123495972389687e-03	1.400786e-01	-1.063488e+01
5.143027222389687e-03	1.564995e-01	-1.063501e+01
5.162558472389687e-03	1.705664e-01	-1.063509e+01
5.182089722389686e-03	1.820679e-01	-1.063512e+01
5.201620972389686e-03	1.908309e-01	-1.063514e+01
5.221152222389685e-03	1.967236e-01	-1.063515e+01
5.240683472389685e-03	1.996574e-01	-1.063515e+01
5.260214722389685e-03	1.995882e-01	-1.063514e+01
5.279745972389684e-03	1.965170e-01	-1.063514e+01
5.299277222389684e-03	1.904900e-01	-1.063512e+01
5.318808472389683e-03	1.815979e-01	-1.063510e+01
5.338339722389683e-03	1.699743e-01	-1.063506e+01
5.357870972389682e-03	1.557942e-01	-1.063497e+01
5.377402222389682e-03	1.392708e-01	-1.063479e+01
5.396933472389682e-03	1.206526e-01	-1.063439e+01
5.416464722389681e-03	1.002197e-01	-1.063344e+01
5.435995972389681e-03	7.827939e-02	-1.063111e+01
5.445761597389681e-03	6.684634e-02	-1.062884e+01
5.455527222389680e-03	5.516170e-02	-1.062514e+01
5.465292847389680e-03	4.326943e-02	-1.061889e+01
5.475058472389680e-03	3.121432e-02	-1.060675e+01
5.484824097389680e-03	1.904172e-02	-1.055548e+01
5.494589722389680e-03	6.797446e-03	-1.032218e+01
5.504355347389679e-03	-5.472408e-03	-9.674622e+00
5.514120972389679e-03	-1.772166e-02	-8.485806e+00
5.523886597389679e-03	-2.990422e-02	-6.807138e+00
5.533652222389679e-03	-4.197422e-02	-4.751721e+00
5.543417847389679e-03	-5.388625e-02	-2.434904e+00
5.553183472389678e-03	-6.559546e-02	5.195367e-02
5.562949097389678e-03	-7.705777e-02	2.687762e+00
5.572714722389678e-03	-8.823007e-02	5.465150e+00
5.582480347389678e-03	-9.907028e-02	8.176794e+00
5.592245972389677e-03	-1.095376e-01	1.049450e+01
5.593466675514677e-03	-1.108178e-01	1.062656e+01
5.610556519264677e-03	-1.280229e-01	1.063460e+01
5.630087769264677e-03	-1.458692e-01	1.063487e+01
5.649619019264676e-03	-1.615215e-01	1.063506e+01
5.669150269264676e-03	-1.747444e-01	1.063527e+01
5.688681519264676e-03	-1.853390e-01	1.063529e+01
5.708212769264675e-03	-1.931459e-01	1.063529e+01
5.727744019264675e-03	-1.980477e-01	1.063528e+01
5.747275269264674e-03	-1.999707e-01	1.063526e+01
5.766806519264674e-03	-1.988859e-01	1.063524e+01
5.786337769264674e-03	-1.948097e-01	1.063522e+01
5.805869019264673e-03	-1.878034e-01	1.063520e+01
5.825400269264673e-03	-1.779724e-01	1.063516e+01
5.844931519264672e-03	-1.654645e-01	1.063511e+01
5.864462769264672e-03	-1.504678e-01	1.063500e+01
5.883994019264671e-03	-1.332080e-01	1.063478e+01
5.903525269264671e-03	-1.139446e-01	1.063428e+01
5.923056519264671e-03	-9.296734e-02	1.063310e+01
5.942587769264670e-03	-7.059179e-02	1.063018e+01
5.952353394264670e-03	-5.898413e-02	1.062731e+01
5.962119019264670e-03	-4.715446e-02	1.062245e+01
5.971884644264670e-03	-3.514732e-02	1.061404e+01
5.981650269264669e-03	-2.300790e-02	1.059357e+01
5.991415894264669e-03	-1.078188e-02	1.048350e+01
6.001181519264669e-03	1.484727e-03	1.007422e+01
6.010947144264669e-03	1.374574e-02	9.159636e+00
6.020712769264669e-03	2.595502e-02	7.714081e+00
6.030478394264668e-03	3.806661e-02	5.835885e+00
6.040244019264668e-03	5.003493e-02	3.634546e+00
6.050009644264668e-03	6.181493e-02	1.226843e+00
6.059775269264668e-03	7.336226e-02	-1.324710e+00
6.069540894264668e-03	8.463348e-02	-4.032408e+00
6.079306519264667e-03	9.558616e-02	-6.864897e+00
6.089072144264667e-03	1.061791e-01	-9.322906e+00
6.097446034865689e-03	1.149456e-01	-1.058681e+01
6.098549489350513e-03	1.160775e-01	-1.063681e+01
6.100756398320161e-03	1.183247e-01	-1.063444e+01
6.123763477138052e-03	1.403183e-01	-1.063484e+01
6.143294727138052e-03	1.567086e-01	-1.063500e+01
6.162825977138051e-03	1.707417e-01	-1.063508e+01
6.182357227138051e-03	1.822067e-01	-1.063511e+01
6.201888477138050e-03	1.909312e-01	-1.063513e+01
6.221419727138050e-03	1.967839e-01	-1.063514e+01
6.240950977138050e-03	1.996768e-01	-1.063514e+01
6.260482227138049e-03	1.995664e-01	-1.063514e+01
6.280013477138049e-03	1.964543e-01	-1.063513e+01
6.299544727138048e-03	1.903873e-01	-1.063512e+01
6.319075977138048e-03	1.814568e-01	-1.063510e+01
6.338607227138048e-03	1.697969e-01	-1.063505e+01
6.358138477138047e-03	1.555832e-01	-1.063497e+01
6.377669727138047e-03	1.390293e-01	-1.063478e+01
6.397200977138046e-03	1.203843e-01	-1.063438e+01
6.416732227138046e-03	9.992864e-02	-1.063342e+01
6.436263477138045e-03	7.796994e-02	-1.063106e+01
6.446029102138045e-03	6.652942e-02	-1.062876e+01
6.455794727138045e-03	5.483850e-02	-1.062501e+01
6.465560352138045e-03	4.294118e-02	-1.061866e+01
6.475325977138045e-03	3.088224e-02	-1.060626e+01
6.485091602138044e-03	1.870706e-02	-1.055200e+01
6.494857227138044e-03	6.461475e-03	-1.030883e+01
6.504622852138044e-03	-5.808431e-03	-9.646081e+00
6.514388477138044e-03	-1.805647e-02	-8.442536e+00
6.524154102138044e-03	-3.023656e-02	-6.752206e+00
6.533919727138043e-03	-4.230284e-02	-4.688090e+00
6.543685352138043e-03	-5.420990e-02	-2.367201e+00
6.553450977138043e-03	-6.591292e-02	1.220687e-01
6.563216602138043e-03	-7.736787e-02	2.763594e+00
6.572982227138043e-03	-8.853162e-02	5.545811e+00
6.582747852138042e-03	-9.936216e-02	8.239099e+00
6.592513477138042e-03	-1.098187e-01	1.050061e+01
6.593734180263042e-03	-1.110975e-01	1.062755e+01
6.610824024013042e-03	-1.282810e-01	1.063467e+01
6.630355274013042e-03	-1.460990e-01	1.063507e+01
6.649886524013041e-03	-1.617195e-01	1.063518e+01
6.669417774013041e-03	-1.749077e-01	1.063522e+01
6.688949024013040e-03	-1.854651e-01	1.063524e+01
6.708480274013040e-03	-1.932329e-01	1.063524e+01
6.728011524013039e-03	-1.980943e-01	1.063523e+01
6.747542774013039e-03	-1.999762e-01	1.063522e+01
6.767074024013039e-03	-1.988502e-01	1.063521e+01
6.786605274013038e-03	-1.947334e-01	1.063519e+01
6.806136524013038e-03	-1.876876e-01	1.063517e+01
6.825667774013037e-03	-1.778188e-01	1.063514e+01
6.845199024013037e-03	-1.652754e-01	1.063508e+01
6.864730274013037e-03	-1.502461e-01	1.063498e+01
6.884261524013036e-03	-1.329570e-01	1.063475e+01
6.903792774013036e-03	-1.136682e-01	1.063425e+01
6.923324024013035e-03	-9.266958e-02	1.063306e+01
6.942855274013035e-03	-7.027716e-02	1.063011e+01
6.952620899013035e-03	-5.866284e-02	1.062719e+01
6.962386524013034e-03	-4.682772e-02	1.062228e+01
6.972152149013034e-03	-3.481635e-02	1.061371e+01
6.981917774013034e-03	-2.267394e-02	1.059258e+01
6.991683399013034e-03	-1.044619e-02	1.047819e+01
7.001449024013034e-03	1.820872e-03	1.005759e+01
7.011214649013033e-03	1.408108e-02	9.127939e+00
7.020980274013033e-03	2.628830e-02	7.668950e+00
7.030745899013033e-03	3.839657e-02	5.780447e+00
7.040511524013033e-03	5.036033e-02	3.571721e+00
7.050277149013033e-03	6.213453e-02	1.158909e+00
7.060042774013032e-03	7.367489e-02	-1.396681e+00
7.069808399013032e-03	8.493794e-02	-4.107756e+00
7.079574024013032e-03	9.588131e-02	-6.942617e+00
7.089339649013032e-03	1.064638e-01	-9.389421e+00
7.097559370617960e-03	1.150621e-01	-1.059188e+01
7.098644796023983e-03	1.161750e-01	-1.063717e+01
7.100815646836029e-03	1.183847e-01	-1.063447e+01
7.123606376708307e-03	1.401776e-01	-1.063486e+01
7.143137626708307e-03	1.565858e-01	-1.063501e+01
7.162668876708306e-03	1.706388e-01	-1.063509e+01
7.182200126708306e-03	1.821253e-01	-1.063512e+01
7.201731376708305e-03	1.908724e-01	-1.063514e+01
7.221262626708305e-03	1.967486e-01	-1.063515e+01
7.240793876708305e-03	1.996655e-01	-1.063515e+01
7.260325126708304e-03	1.995793e-01	-1.063515e+01
7.279856376708304e-03	1.964912e-01	-1.063514e+01
7.299387626708303e-03	1.904477e-01	-1.063513e+01
7.318918876708303e-03	1.815397e-01	-1.063510e+01
7.338450126708303e-03	1.699011e-01	-1.063506e+01
7.357981376708302e-03	1.557072e-01	-1.063497e+01
7.377512626708302e-03	1.391712e-01	-1.063479e+01
7.397043876708301e-03	1.205419e-01	-1.063438e+01
7.416575126708301e-03	1.000996e-01	-1.063343e+01
7.436106376708300e-03	7.815170e-02	-1.063109e+01
7.445872001708300e-03	6.671557e-02	-1.062881e+01
7.455637626708300e-03	5.502833e-02	-1.062509e+01
7.465403251708300e-03	4.313397e-02	-1.061880e+01
7.475168876708300e-03	3.107727e-02	-1.060655e+01
7.484934501708299e-03	1.890360e-02	-1.055415e+01
7.494700126708299e-03	6.658786e-03	-1.031702e+01
7.504465751708299e-03	-5.611093e-03	-9.663309e+00
7.514231376708299e-03	-1.785985e-02	-8.468385e+00
7.523997001708299e-03	-3.004139e-02	-6.784877e+00
7.533762626708298e-03	-4.210986e-02	-4.725847e+00
7.543528251708298e-03	-5.401984e-02	-2.407347e+00
7.553293876708298e-03	-6.572650e-02	8.050077e-02
7.563059501708298e-03	-7.718578e-02	2.718688e+00
7.572825126708298e-03	-8.835455e-02	5.498087e+00
7.582590751708297e-03	-9.919078e-02	8.202254e+00
7.592356376708297e-03	-1.096537e-01	1.049695e+01
7.593577079833297e-03	-1.109333e-01	1.062693e+01
7.610666923583297e-03	-1.281294e-01	1.063461e+01
7.630198173583297e-03	-1.459641e-01	1.063493e+01
7.649729423583296e-03	-1.616033e-01	1.063520e+01
7.669260673583296e-03	-1.748119e-01	1.063525e+01
7.688791923583295e-03	-1.853911e-01	1.063526e+01
7.708323173583295e-03	-1.931819e-01	1.063526e+01
7.727854423583294e-03	-1.980670e-01	1.063525e+01
7.747385673583294e-03	-1.999730e-01	1.063523e+01
7.766916923583294e-03	-1.988713e-01	1.063522e+01
7.786448173583293e-03	-1.947783e-01	1.063520e+01
7.805979423583293e-03	-1.877557e-01	1.063518e+01
7.825510673583292e-03	-1.779090e-01	1.063515e+01
7.845041923583292e-03	-1.653865e-01	1.063509e+01
7.864573173583292e-03	-1.503764e-01	1.063498e+01
7.884104423583291e-03	-1.331045e-01	1.063476e+01
7.903635673583291e-03	-1.138305e-01	1.063426e+01
7.923166923583290e-03	-9.284448e-02	1.063308e+01
7.942698173583290e-03	-7.046196e-02	1.063015e+01
7.952463798583290e-03	-5.885154e-02	1.062726e+01
7.962229423583289e-03	-4.701963e-02	1.062238e+01
7.971995048583289e-03	-3.501074e-02	1.061390e+01
7.981760673583289e-03	-2.287008e-02	1.059320e+01
7.991526298583289e-03	-1.064334e-02	1.048134e+01
8.001291923583289e-03	1.623461e-03	1.006727e+01
8.011057548583288e-03	1.388415e-02	9.146378e+00
8.020823173583288e-03	2.609258e-02	7.695277e+00
8.030588798583288e-03	3.820280e-02	5.812826e+00
8.040354423583288e-03	5.016924e-02	3.608434e+00
8.050120048583288e-03	6.194685e-02	1.198623e+00
8.059885673583287e-03	7.349131e-02	-1.354593e+00
8.069651298583287e-03	8.475917e-02	-4.063686e+00
8.079416923583287e-03	9.570801e-02	-6.897158e+00
8.089182548583287e-03	1.062966e-01	-9.350596e+00
8.097491414054147e-03	1.149922e-01	-1.058890e+01
8.098587384329023e-03	1.161163e-01	-1.063695e+01
8.100779324878772e-03	1.183479e-01	-1.063445e+01
8.123696593177271e-03	1.402584e-01	-1.063485e+01
8.143227843177270e-03	1.566563e-01	-1.063500e+01
8.162759093177270e-03	1.706979e-01	-1.063508e+01
8.182290343177270e-03	1.821721e-01	-1.063512e+01
8.201821593177269e-03	1.909062e-01	-1.063514e+01
8.221352843177269e-03	1.967689e-01	-1.063514e+01
8.240884093177268e-03	1.996720e-01	-1.063514e+01
8.260415343177268e-03	1.995719e-01	-1.063514e+01
8.279946593177268e-03	1.964700e-01	-1.063513e+01
8.299477843177267e-03	1.904130e-01	-1.063512e+01
8.319009093177267e-03	1.814921e-01	-1.063510e+01
8.338540343177266e-03	1.698413e-01	-1.063506e+01
8.358071593177266e-03	1.556360e-01	-1.063497e+01
8.377602843177265e-03	1.390897e-01	-1.063479e+01
8.397134093177265e-03	1.204514e-01	-1.063438e+01
8.416665343177265e-03	1.000014e-01	-1.063342e+01
8.436196593177264e-03	7.804734e-02	-1.063107e+01
8.445962218177264e-03	6.660867e-02	-1.062878e+01
8.455727843177264e-03	5.491932e-02	-1.062505e+01
8.465493468177264e-03	4.302326e-02	-1.061872e+01
8.475259093177263e-03	3.096527e-02	-1.060639e+01
8.485024718177263e-03	1.879074e-02	-1.055292e+01
8.494790343177263e-03	6.545479e-03	-1.031232e+01
8.504555968177263e-03	-5.724417e-03	-9.653419e+00
8.514321593177263e-03	-1.797277e-02	-8.453543e+00
8.524087218177262e-03	-3.015347e-02	-6.766114e+00
8.533852843177262e-03	-4.222069e-02	-4.704160e+00
8.543618468177262e-03	-5.412899e-02	-2.384298e+00
8.553384093177262e-03	-6.583356e-02	1.043526e-01
8.563149718177262e-03	-7.729036e-02	2.744467e+00
8.572915343177261e-03	-8.845624e-02	5.525501e+00
8.582680968177261e-03	-9.928921e-02	8.223425e+00
8.592446593177261e-03	-1.097485e-01	1.049906e+01
8.593667296302262e-03	-1.110276e-01	1.062729e+01
8.610757140052262e-03	-1.282165e-01	1.063467e+01
8.630288390052261e-03	-1.460416e-01	1.063508e+01
8.649819640052261e-03	-1.616701e-01	1.063520e+01
8.669350890052260e-03	-1.748669e-01	1.063523e+01
8.688882140052260e-03	-1.854336e-01	1.063525e+01
8.708413390052260e-03	-1.932112e-01	1.063524e+01
8.727944640052259e-03	-1.980827e-01	1.063524e+01
8.747475890052259e-03	-1.999748e-01	1.063523e+01
8.767007140052258e-03	-1.988592e-01	1.063521e+01
8.786538390052258e-03	-1.947525e-01	1.063520e+01
8.806069640052257e-03	-1.877166e-01	1.063518e+01
8.825600890052257e-03	-1.778572e-01	1.063514e+01
8.845132140052257e-03	-1.653227e-01	1.063509e+01
8.864663390052256e-03	-1.503016e-01	1.063498e+01
8.884194640052256e-03	-1.330198e-01	1.063476e+01
8.903725890052255e-03	-1.137373e-01	1.063426e+01
8.923257140052255e-03	-9.274404e-02	1.063307e+01
8.942788390052255e-03	-7.035585e-02	1.063012e+01
8.952554015052254e-03	-5.874319e-02	1.062722e+01
8.962319640052254e-03	-4.690943e-02	1.062232e+01
8.972085265052254e-03	-3.489911e-02	1.061379e+01
8.981850890052254e-03	-2.275745e-02	1.059285e+01
8.991616515052253e-03	-1.053013e-02	1.047954e+01
9.001382140052253e-03	1.736827e-03	1.006173e+01
9.011147765052253e-03	1.399724e-02	9.135805e+00
9.020913390052253e-03	2.620498e-02	7.680171e+00
9.030679015052253e-03	3.831408e-02	5.794241e+00
9.040444640052252e-03	5.027898e-02	3.587357e+00
9.050210265052252e-03	6.205464e-02	1.175822e+00
9.059975890052252e-03	7.359674e-02	-1.378756e+00
9.069741515052252e-03	8.486184e-02	-4.088989e+00
9.079507140052252e-03	9.580754e-02	-6.923262e+00
9.089272765052251e-03	1.063926e-01	-9.372919e+00
9.097530089297918e-03	1.150320e-01	-1.059061e+01
9.098620002633824e-03	1.161497e-01	-1.063708e+01
9.100799829305636e-03	1.183687e-01	-1.063446e+01
9.123644414336510e-03	1.402117e-01	-1.063485e+01
9.143175664336509e-03	1.566155e-01	-1.063501e+01
9.162706914336509e-03	1.706637e-01	-1.063509e+01
9.182238164336508e-03	1.821450e-01	-1.063512e+01
9.201769414336508e-03	1.908866e-01	-1.063514e+01
9.221300664336508e-03	1.967572e-01	-1.063515e+01
9.240831914336507e-03	1.996683e-01	-1.063515e+01
9.260363164336507e-03	1.995762e-01	-1.063514e+01
9.279894414336506e-03	1.964823e-01	-1.063514e+01
9.299425664336506e-03	1.904331e-01	-1.063512e+01
9.318956914336506e-03	1.815196e-01	-1.063510e+01
9.338488164336505e-03	1.698759e-01	-1.063506e+01
9.358019414336505e-03	1.556771e-01	-1.063497e+01
9.367785039336505e-03	1.476849e-01	-1.063490e+01
9.387316289336504e-03	1.300651e-01	-1.063463e+01
9.406847539336504e-03	1.104889e-01	-1.063401e+01
9.426378789336503e-03	8.925092e-02	-1.063252e+01
9.445910039336503e-03	6.667050e-02	-1.062879e+01
9.455675664336503e-03	5.498237e-02	-1.062507e+01
9.465441289336502e-03	4.308730e-02	-1.061877e+01
9.475206914336502e-03	3.103005e-02	-1.060648e+01
9.484972539336502e-03	1.885602e-02	-1.055363e+01
9.494738164336502e-03	6.611013e-03	-1.031504e+01
9.504503789336502e-03	-5.658873e-03	-9.659140e+00
9.514269414336501e-03	-1.790746e-02	-8.462128e+00
9.524035039336501e-03	-3.008865e-02	-6.776965e+00
9.533800664336501e-03	-4.215659e-02	-4.716702e+00
9.543566289336501e-03	-5.406586e-02	-2.397630e+00
9.553331914336501e-03	-6.577165e-02	9.055348e-02
9.563097539336500e-03	-7.722988e-02	2.729558e+00
9.572863164336500e-03	-8.839744e-02	5.509649e+00
9.582628789336500e-03	-9.923228e-02	8.211185e+00
9.592394414336500e-03	-1.096936e-01	1.049784e+01
9.593615117461500e-03	-1.109731e-01	1.062709e+01
9.610704961211500e-03	-1.281661e-01	1.063461e+01
9.630236211211500e-03	-1.459968e-01	1.063500e+01
9.649767461211500e-03	-1.616315e-01	1.063519e+01
9.669298711211499e-03	-1.748351e-01	1.063525e+01
9.688829961211499e-03	-1.854090e-01	1.063525e+01
9.708361211211498e-03	-1.931942e-01	1.063525e+01
9.727892461211498e-03	-1.980736e-01	1.063524e+01
9.747423711211498e-03	-1.999738e-01	1.063523e+01
9.766954961211497e-03	-1.988662e-01	1.063521e+01
9.786486211211497e-03	-1.947674e-01	1.063520e+01
9.806017461211496e-03	-1.877392e-01	1.063518e+01
9.825548711211496e-03	-1.778872e-01	1.063514e+01
9.845079961211495e-03	-1.653596e-01	1.063509e+01
9.864611211211495e-03	-1.503449e-01	1.063498e+01
9.884142461211495e-03	-1.330688e-01	1.063476e+01
9.903673711211494e-03	-1.137912e-01	1.063426e+01
9.923204961211494e-03	-9.280214e-02	1.063307e+01
9.942736211211493e-03	-7.041722e-02	1.063014e+01
9.952501836211493e-03	-5.880586e-02	1.062724e+01
9.962267461211493e-03	-4.697317e-02	1.062236e+01
9.972033086211493e-03	-3.496367e-02	1.061386e+01
9.981798711211493e-03	-2.282259e-02	1.059307e+01
9.991564336211492e-03	-1.059560e-02	1.049645e+01
1.000000000000000e-02	-4.898587e-16	1.029915e+01
