time	V(vin)	V(vo)
0.000000000000000e+00	0.000000e+00	1.201799e-02
1.062303370001510e-07	1.334931e-04	1.201537e-02
2.124606740003019e-07	2.669860e-04	1.194749e-02
3.186910110004529e-07	4.004786e-04	1.181435e-02
4.249213480006038e-07	5.339711e-04	1.161596e-02
5.311516850007548e-07	6.674634e-04	1.135230e-02
6.373820220009057e-07	8.009555e-04	1.102339e-02
7.436123590010565e-07	9.344475e-04	1.062923e-02
1.296750324596135e-06	1.629526e-03	7.871637e-03
2.139765498979956e-06	2.688828e-03	2.028299e-03
3.039582717183123e-06	3.819420e-03	-5.860937e-03
4.099236913478077e-06	5.150684e-03	-1.675705e-02
5.665906931759370e-06	7.118485e-03	-3.454939e-02
7.699283617928895e-06	9.671432e-03	-5.905601e-02
1.029931017441205e-05	1.293346e-02	-9.140670e-02
1.866828103190330e-05	2.340550e-02	-1.968560e-01
3.628029790271920e-05	4.519734e-02	-4.160121e-01
5.581154790271921e-05	6.870623e-02	-6.521482e-01
7.534279790271920e-05	9.118171e-02	-8.780134e-01
9.487404790271919e-05	1.122857e-01	-1.090384e+00
1.144052979027192e-04	1.317009e-01	-1.286118e+00
1.339365479027192e-04	1.491351e-01	-1.462295e+00
1.534677979027192e-04	1.643262e-01	-1.616278e+00
1.729990479027192e-04	1.770457e-01	-1.745756e+00
1.925302979027192e-04	1.871023e-01	-1.848786e+00
2.120615479027192e-04	1.943446e-01	-1.923822e+00
2.315927979027193e-04	1.986639e-01	-1.969737e+00
2.511240479027193e-04	1.999950e-01	-1.985842e+00
2.706552979027193e-04	1.983180e-01	-1.971898e+00
2.901865479027193e-04	1.936582e-01	-1.928115e+00
3.097177979027193e-04	1.860856e-01	-1.855154e+00
3.292490479027193e-04	1.757140e-01	-1.754114e+00
3.487802979027193e-04	1.626996e-01	-1.626519e+00
3.683115479027194e-04	1.472379e-01	-1.474290e+00
3.878427979027194e-04	1.295618e-01	-1.299724e+00
4.073740479027194e-04	1.099368e-01	-1.105456e+00
4.269052979027194e-04	8.865833e-02	-8.944269e-01
4.464365479027194e-04	6.604635e-02	-6.698537e-01
4.659677979027194e-04	4.244097e-02	-4.352354e-01
4.854990479027195e-04	1.819723e-02	-1.945425e-01
4.952646729027195e-04	5.949710e-03	-7.315778e-02
5.050302979027195e-04	-6.320206e-03	4.906613e-02
5.147959229027195e-04	-1.856633e-02	1.721300e-01
5.337318342124481e-04	-4.207204e-02	4.087480e-01
5.532630842124481e-04	-6.568996e-02	6.459206e-01
5.727943342124481e-04	-8.831984e-02	8.732920e-01
5.923255842124482e-04	-1.096213e-01	1.087599e+00
6.118568342124482e-04	-1.292740e-01	1.285671e+00
6.313880842124482e-04	-1.469822e-01	1.464554e+00
6.509193342124482e-04	-1.624797e-01	1.621569e+00
6.704505842124482e-04	-1.755334e-01	1.754362e+00
6.899818342124482e-04	-1.859469e-01	1.860939e+00
7.095130842124483e-04	-1.935636e-01	1.939700e+00
7.290443342124483e-04	-1.982688e-01	1.989463e+00
7.485755842124483e-04	-1.999920e-01	2.009481e+00
7.681068342124483e-04	-1.987071e-01	1.999455e+00
7.876380842124483e-04	-1.944334e-01	1.959537e+00
8.071693342124483e-04	-1.872353e-01	1.890329e+00
8.267005842124484e-04	-1.772210e-01	1.792875e+00
8.462318342124484e-04	-1.645411e-01	1.668643e+00
8.657630842124484e-04	-1.493863e-01	1.519506e+00
8.852943342124484e-04	-1.319847e-01	1.347710e+00
9.048255842124484e-04	-1.125979e-01	1.155849e+00
9.243568342124485e-04	-9.151749e-02	9.468254e-01
9.438880842124485e-04	-6.906059e-02	7.238169e-01
9.634193342124485e-04	-4.556495e-02	4.902737e-01
9.829505842124484e-04	-2.138397e-02	2.500351e-01
9.927162092124484e-04	-9.149887e-03	1.287597e-01
1.002481834212448e-03	3.118638e-03	6.925831e-03
1.012247459212448e-03	1.537543e-02	-1.157993e-01
1.022013084212448e-03	2.757434e-02	-2.387037e-01
1.041544334212448e-03	5.161531e-02	-4.804866e-01
1.061075584212448e-03	7.487992e-02	-7.141668e-01
1.080606834212448e-03	9.701828e-02	-9.367144e-01
1.100138084212449e-03	1.176974e-01	-1.144902e+00
1.119669334212449e-03	1.366062e-01	-1.335641e+00
1.139200584212449e-03	1.534604e-01	-1.506084e+00
1.158731834212449e-03	1.680063e-01	-1.653674e+00
1.178263084212449e-03	1.800253e-01	-1.776199e+00
1.197794334212449e-03	1.893366e-01	-1.871820e+00
1.217325584212449e-03	1.958000e-01	-1.939100e+00
1.236856834212449e-03	1.993184e-01	-1.977030e+00
1.256388084212449e-03	1.998389e-01	-1.985041e+00
1.275919334212449e-03	1.973536e-01	-1.963015e+00
1.295450584212449e-03	1.919000e-01	-1.911285e+00
1.314981834212449e-03	1.835600e-01	-1.830630e+00
1.334513084212449e-03	1.724591e-01	-1.722266e+00
1.354044334212449e-03	1.587642e-01	-1.587826e+00
1.373575584212449e-03	1.426814e-01	-1.429337e+00
1.393106834212449e-03	1.244525e-01	-1.249188e+00
1.412638084212449e-03	1.043517e-01	-1.050101e+00
1.432169334212449e-03	8.268141e-02	-8.350931e-01
1.451700584212449e-03	5.976748e-02	-6.074548e-01
1.471231834212449e-03	3.595461e-02	-3.707784e-01
1.480997459212449e-03	2.382260e-02	-2.503208e-01
1.490763084212449e-03	1.160094e-02	-1.291854e-01
1.500528709212449e-03	-6.643943e-04	-7.404977e-03
1.510294334212449e-03	-1.292722e-02	1.153559e-01
1.520059959212449e-03	-2.514140e-02	2.383941e-01
1.539591209212449e-03	-4.924025e-02	4.807252e-01
1.559122459212449e-03	-7.259849e-02	7.153090e-01
1.578653709212449e-03	-9.486477e-02	9.391038e-01
1.598184959212449e-03	-1.157042e-01	1.148864e+00
1.617716209212449e-03	-1.348033e-01	1.341478e+00
1.637247459212449e-03	-1.518749e-01	1.514068e+00
1.656778709212449e-03	-1.666621e-01	1.664049e+00
1.676309959212449e-03	-1.789426e-01	1.789169e+00
1.695841209212449e-03	-1.885316e-01	1.887550e+00
1.715372459212449e-03	-1.952849e-01	1.957716e+00
1.734903709212449e-03	-1.991010e-01	1.998614e+00
1.754434959212449e-03	-1.999224e-01	2.009629e+00
1.773966209212449e-03	-1.977367e-01	1.990599e+00
1.793497459212449e-03	-1.925769e-01	1.941811e+00
1.813028709212449e-03	-1.845206e-01	1.864000e+00
1.832559959212449e-03	-1.736890e-01	1.758340e+00
1.852091209212449e-03	-1.602448e-01	1.626422e+00
1.871622459212449e-03	-1.443905e-01	1.470234e+00
1.891153709212449e-03	-1.263644e-01	1.292132e+00
1.910684959212449e-03	-1.064376e-01	1.094805e+00
1.930216209212449e-03	-8.490994e-02	8.812398e-01
1.949747459212449e-03	-6.210514e-02	6.546959e-01
1.969278709212449e-03	-3.836622e-02	4.187124e-01
1.988809959212448e-03	-1.405024e-02	1.773174e-01
1.998575584212448e-03	-1.789950e-03	5.575676e-02
2.008341209212448e-03	1.047707e-02	-6.661156e-02
2.018106834212448e-03	2.270467e-02	-1.896182e-01
2.027872459212448e-03	3.484680e-02	-3.119491e-01
2.047403709212447e-03	5.869240e-02	-5.515705e-01
2.066934959212447e-03	8.165521e-02	-7.822481e-01
2.086466209212446e-03	1.033899e-01	-1.000823e+00
2.105997459212446e-03	1.235694e-01	-1.204090e+00
2.125528709212446e-03	1.418904e-01	-1.389028e+00
2.145059959212445e-03	1.580772e-01	-1.552868e+00
2.164591209212445e-03	1.718863e-01	-1.693155e+00
2.184122459212444e-03	1.831102e-01	-1.807784e+00
2.203653709212444e-03	1.915799e-01	-1.895034e+00
2.223184959212443e-03	1.971680e-01	-1.953595e+00
2.242716209212443e-03	1.997906e-01	-1.982589e+00
2.262247459212443e-03	1.994081e-01	-1.981581e+00
2.281778709212442e-03	1.960264e-01	-1.950588e+00
2.301309959212442e-03	1.896962e-01	-1.890078e+00
2.320841209212441e-03	1.805128e-01	-1.800964e+00
2.340372459212441e-03	1.686143e-01	-1.684587e+00
2.359903709212441e-03	1.541798e-01	-1.542702e+00
2.379434959212440e-03	1.374262e-01	-1.377448e+00
2.398966209212440e-03	1.186056e-01	-1.191318e+00
2.418497459212439e-03	9.800101e-02	-9.871255e-01
2.438028709212439e-03	7.592244e-02	-7.679709e-01
2.457559959212438e-03	5.270193e-02	-5.372272e-01
2.477091209212438e-03	2.868873e-02	-2.986135e-01
2.486856834212438e-03	1.649742e-02	-1.776978e-01
2.496622459212438e-03	4.244024e-03	-5.622486e-02
2.506388084212437e-03	-8.025348e-03	6.614255e-02
2.516153709212437e-03	-2.026452e-02	1.892758e-01
2.533933189726268e-03	-4.231937e-02	4.112354e-01
2.553464439726267e-03	-6.592890e-02	6.483200e-01
2.572995689726267e-03	-8.854679e-02	8.755736e-01
2.592526939726266e-03	-1.098329e-01	1.089729e+00
2.612058189726266e-03	-1.294669e-01	1.287618e+00
2.631589439726266e-03	-1.471537e-01	1.466288e+00
2.651120689726265e-03	-1.626272e-01	1.623066e+00
2.670651939726265e-03	-1.756545e-01	1.755598e+00
2.690183189726264e-03	-1.860399e-01	1.861895e+00
2.709714439726264e-03	-1.936271e-01	1.940363e+00
2.729245689726263e-03	-1.983019e-01	1.989822e+00
2.748776939726263e-03	-1.999941e-01	2.009531e+00
2.768308189726263e-03	-1.986782e-01	1.999195e+00
2.787839439726262e-03	-1.943740e-01	1.958971e+00
2.807370689726262e-03	-1.871462e-01	1.889467e+00
2.826901939726261e-03	-1.771035e-01	1.791728e+00
2.846433189726261e-03	-1.643971e-01	1.667229e+00
2.865964439726261e-03	-1.492180e-01	1.517846e+00
2.885495689726260e-03	-1.317945e-01	1.345829e+00
2.905026939726260e-03	-1.123887e-01	1.153777e+00
2.924558189726259e-03	-9.129243e-02	9.445919e-01
2.944089439726259e-03	-6.882307e-02	7.214568e-01
2.963620689726258e-03	-4.531854e-02	4.878241e-01
2.983151939726258e-03	-2.113238e-02	2.475389e-01
2.992917564726258e-03	-8.897114e-03	1.262548e-01
3.002683189726258e-03	3.371636e-03	4.404608e-03
3.012448814726257e-03	1.562770e-02	-1.183367e-01
3.022214439726257e-03	2.782494e-02	-2.412291e-01
3.041745689726257e-03	5.185972e-02	-4.829417e-01
3.061276939726256e-03	7.511449e-02	-7.165235e-01
3.080808189726256e-03	9.723946e-02	-9.389393e-01
3.100339439726256e-03	1.179019e-01	-1.146962e+00
3.119870689726255e-03	1.367909e-01	-1.337507e+00
3.139401939726255e-03	1.536225e-01	-1.507726e+00
3.158933189726254e-03	1.681435e-01	-1.655069e+00
3.178464439726254e-03	1.801354e-01	-1.777325e+00
3.197995689726253e-03	1.894179e-01	-1.872660e+00
3.217526939726253e-03	1.958514e-01	-1.939642e+00
3.237058189726253e-03	1.993391e-01	-1.977266e+00
3.256589439726252e-03	1.998286e-01	-1.984967e+00
3.276120689726252e-03	1.973125e-01	-1.962632e+00
3.295651939726251e-03	1.918286e-01	-1.910599e+00
3.315183189726251e-03	1.834594e-01	-1.829651e+00
3.334714439726251e-03	1.723308e-01	-1.721010e+00
3.354245689726250e-03	1.586102e-01	-1.586311e+00
3.373776939726250e-03	1.425039e-01	-1.427585e+00
3.393308189726249e-03	1.242543e-01	-1.247227e+00
3.412839439726249e-03	1.041358e-01	-1.047960e+00
3.432370689726248e-03	8.245094e-02	-8.328048e-01
3.451901939726248e-03	5.952597e-02	-6.050544e-01
3.471433189726248e-03	3.570567e-02	-3.683051e-01
3.481198814726247e-03	2.357135e-02	-2.478284e-01
3.490964439726247e-03	1.134832e-02	-1.266824e-01
3.500730064726247e-03	-9.174232e-04	-4.883938e-03
3.510495689726247e-03	-1.317971e-02	1.178951e-01
3.520261314726247e-03	-2.539240e-02	2.409234e-01
3.539792564726246e-03	-4.948545e-02	4.831878e-01
3.559323814726246e-03	-7.283420e-02	7.176768e-01
3.578855064726245e-03	-9.508745e-02	9.413434e-01
3.598386314726245e-03	-1.159105e-01	1.150942e+00
3.617917564726245e-03	-1.349901e-01	1.343364e+00
3.637448814726244e-03	-1.520394e-01	1.515734e+00
3.656980064726244e-03	-1.668019e-01	1.665469e+00
3.676511314726243e-03	-1.790555e-01	1.790322e+00
3.696042564726243e-03	-1.886159e-01	1.888420e+00
3.715573814726242e-03	-1.953394e-01	1.958289e+00
3.735105064726242e-03	-1.991248e-01	1.998881e+00
3.754636314726242e-03	-1.999151e-01	2.009586e+00
3.774167564726241e-03	-1.976986e-01	1.990247e+00
3.793698814726241e-03	-1.925085e-01	1.941155e+00
3.813230064726240e-03	-1.844229e-01	1.863051e+00
3.832761314726240e-03	-1.735634e-01	1.757111e+00
3.852292564726240e-03	-1.600933e-01	1.624932e+00
3.871823814726239e-03	-1.442153e-01	1.468506e+00
3.891355064726239e-03	-1.261681e-01	1.290191e+00
3.910886314726239e-03	-1.062233e-01	1.092680e+00
3.930417564726238e-03	-8.468078e-02	8.789646e-01
3.949948814726238e-03	-6.186457e-02	6.523048e-01
3.969480064726237e-03	-3.811786e-02	4.162438e-01
3.989011314726237e-03	-1.379782e-02	1.748160e-01
3.998776939726237e-03	-1.536928e-03	5.324323e-02
4.008542564726237e-03	1.072975e-02	-6.914454e-02
4.018308189726236e-03	2.295604e-02	-1.921521e-01
4.028073814726236e-03	3.509593e-02	-3.144562e-01
4.047605064726236e-03	5.893425e-02	-5.539996e-01
4.067136314726235e-03	8.188613e-02	-7.845688e-01
4.086667564726235e-03	1.036064e-01	-1.003002e+00
4.106198814726235e-03	1.237683e-01	-1.206095e+00
4.125730064726234e-03	1.420686e-01	-1.390829e+00
4.145261314726234e-03	1.582320e-01	-1.554438e+00
4.164792564726233e-03	1.720156e-01	-1.694471e+00
4.184323814726233e-03	1.832118e-01	-1.808826e+00
4.203855064726232e-03	1.916524e-01	-1.895786e+00
4.223386314726232e-03	1.972103e-01	-1.954046e+00
4.242917564726232e-03	1.998020e-01	-1.982732e+00
4.262448814726231e-03	1.993885e-01	-1.981414e+00
4.281980064726231e-03	1.959760e-01	-1.950113e+00
4.301511314726230e-03	1.896159e-01	-1.889303e+00
4.321042564726230e-03	1.804037e-01	-1.799900e+00
4.340573814726230e-03	1.684781e-01	-1.683251e+00
4.360105064726229e-03	1.540185e-01	-1.541114e+00
4.379636314726229e-03	1.372422e-01	-1.375631e+00
4.399167564726228e-03	1.184017e-01	-1.189300e+00
4.418698814726228e-03	9.778036e-02	-9.849370e-01
4.438230064726227e-03	7.568830e-02	-7.656451e-01
4.457761314726227e-03	5.245780e-02	-5.348006e-01
4.477292564726227e-03	2.843829e-02	-2.961272e-01
4.487058189726226e-03	1.624524e-02	-1.751990e-01
4.496823814726226e-03	3.991047e-03	-5.371224e-02
4.506589439726226e-03	-8.278169e-03	6.867647e-02
4.516355064726226e-03	-2.051623e-02	1.918140e-01
4.534085204403539e-03	-4.250605e-02	4.131117e-01
4.553616454403539e-03	-6.610922e-02	6.501309e-01
4.573147704403539e-03	-8.871803e-02	8.772951e-01
4.592678954403538e-03	-1.099925e-01	1.091336e+00
4.612210204403538e-03	-1.296125e-01	1.289086e+00
4.631741454403537e-03	-1.472830e-01	1.467597e+00
4.651272704403537e-03	-1.627383e-01	1.624194e+00
4.670803954403537e-03	-1.757458e-01	1.756529e+00
4.690335204403536e-03	-1.861099e-01	1.862615e+00
4.709866454403536e-03	-1.936748e-01	1.940861e+00
4.729397704403535e-03	-1.983267e-01	1.990091e+00
4.748928954403535e-03	-1.999955e-01	2.009567e+00
4.768460204403534e-03	-1.986562e-01	1.998997e+00
4.787991454403534e-03	-1.943289e-01	1.958542e+00
4.807522704403534e-03	-1.870787e-01	1.888813e+00
4.827053954403533e-03	-1.770147e-01	1.790861e+00
4.846585204403533e-03	-1.642882e-01	1.666160e+00
4.866116454403532e-03	-1.490907e-01	1.516591e+00
4.885647704403532e-03	-1.316507e-01	1.344409e+00
4.905178954403532e-03	-1.122306e-01	1.152211e+00
4.924710204403531e-03	-9.112243e-02	9.429048e-01
4.944241454403531e-03	-6.864367e-02	7.196743e-01
4.963772704403530e-03	-4.513246e-02	4.859742e-01
4.983303954403530e-03	-2.094241e-02	2.456542e-01
4.993069579403530e-03	-8.706272e-03	1.243635e-01
5.002835204403529e-03	3.562635e-03	2.500912e-03
5.012600829403529e-03	1.581813e-02	-1.202524e-01
5.022366454403529e-03	2.801409e-02	-2.431354e-01
5.041897704403529e-03	5.204419e-02	-4.847946e-01
5.061428954403528e-03	7.529150e-02	-7.183019e-01
5.080960204403528e-03	9.740635e-02	-9.406182e-01
5.100491454403527e-03	1.180561e-01	-1.148517e+00
5.120022704403527e-03	1.369302e-01	-1.338914e+00
5.139553954403527e-03	1.537448e-01	-1.508964e+00
5.159085204403526e-03	1.682468e-01	-1.656120e+00
5.178616454403526e-03	1.802183e-01	-1.778173e+00
5.198147704403525e-03	1.894792e-01	-1.873292e+00
5.217678954403525e-03	1.958900e-01	-1.940049e+00
5.237210204403524e-03	1.993546e-01	-1.977442e+00
5.256741454403524e-03	1.998206e-01	-1.984909e+00
5.276272704403524e-03	1.972812e-01	-1.962341e+00
5.295803954403523e-03	1.917744e-01	-1.910079e+00
5.315335204403523e-03	1.833832e-01	-1.828911e+00
5.334866454403522e-03	1.722338e-01	-1.720060e+00
5.354397704403522e-03	1.584938e-01	-1.585166e+00
5.373928954403522e-03	1.423699e-01	-1.426262e+00
5.393460204403521e-03	1.241046e-01	-1.245745e+00
5.412991454403521e-03	1.039726e-01	-1.046342e+00
5.432522704403520e-03	8.227687e-02	-8.310764e-01
5.452053954403520e-03	5.934357e-02	-6.032416e-01
5.471585204403519e-03	3.551769e-02	-3.664376e-01
5.481350829403519e-03	2.338165e-02	-2.459466e-01
5.491116454403519e-03	1.115760e-02	-1.247926e-01
5.500882079403519e-03	-1.108448e-03	-2.980364e-03
5.510647704403519e-03	-1.337032e-02	1.198122e-01
5.520413329403518e-03	-2.558187e-02	2.428325e-01
5.539944579403518e-03	-4.967052e-02	4.850464e-01
5.559475829403518e-03	-7.301208e-02	7.194637e-01
5.579007079403517e-03	-9.525546e-02	9.430333e-01
5.598538329403517e-03	-1.160661e-01	1.152510e+00
5.618069579403516e-03	-1.351310e-01	1.344787e+00
5.637600829403516e-03	-1.521634e-01	1.516990e+00
5.657132079403515e-03	-1.669072e-01	1.666539e+00
5.676663329403515e-03	-1.791405e-01	1.791191e+00
5.696194579403515e-03	-1.886794e-01	1.889074e+00
5.715725829403514e-03	-1.953803e-01	1.958719e+00
5.735257079403514e-03	-1.991425e-01	1.999080e+00
5.754788329403513e-03	-1.999095e-01	2.009552e+00
5.774319579403513e-03	-1.976696e-01	1.989979e+00
5.793850829403513e-03	-1.924566e-01	1.940658e+00
5.813382079403512e-03	-1.843489e-01	1.862332e+00
5.832913329403512e-03	-1.734684e-01	1.756181e+00
5.852444579403511e-03	-1.599787e-01	1.623805e+00
5.871975829403511e-03	-1.440829e-01	1.467199e+00
5.891507079403510e-03	-1.260199e-01	1.288724e+00
5.911038329403510e-03	-1.060614e-01	1.091076e+00
5.930569579403510e-03	-8.450768e-02	8.772460e-01
5.950100829403509e-03	-6.168288e-02	6.504993e-01
5.969632079403509e-03	-3.793032e-02	4.143795e-01
5.989163329403508e-03	-1.360724e-02	1.729273e-01
5.998928954403508e-03	-1.345905e-03	5.134541e-02
6.008694579403508e-03	1.092050e-02	-7.105706e-02
6.018460204403508e-03	2.314580e-02	-1.940648e-01
6.028225829403508e-03	3.528398e-02	-3.163486e-01
6.047757079403507e-03	5.911676e-02	-5.558327e-01
6.067288329403507e-03	8.206037e-02	-7.863200e-01
6.086819579403506e-03	1.037697e-01	-1.004646e+00
6.106350829403506e-03	1.239183e-01	-1.207608e+00
6.125882079403506e-03	1.422030e-01	-1.392187e+00
6.145413329403505e-03	1.583488e-01	-1.555622e+00
6.164944579403505e-03	1.721129e-01	-1.695463e+00
6.184475829403504e-03	1.832883e-01	-1.809610e+00
6.204007079403504e-03	1.917069e-01	-1.896352e+00
6.223538329403503e-03	1.972420e-01	-1.954384e+00
6.243069579403503e-03	1.998104e-01	-1.982838e+00
6.262600829403503e-03	1.993735e-01	-1.981286e+00
6.282132079403502e-03	1.959378e-01	-1.949753e+00
6.301663329403502e-03	1.895550e-01	-1.888716e+00
6.321194579403501e-03	1.803212e-01	-1.799096e+00
6.340725829403501e-03	1.683751e-01	-1.682241e+00
6.360257079403501e-03	1.538965e-01	-1.539913e+00
6.379788329403500e-03	1.371032e-01	-1.374258e+00
6.399319579403500e-03	1.182477e-01	-1.187775e+00
6.418850829403499e-03	9.761368e-02	-9.832836e-01
6.438382079403499e-03	7.551144e-02	-7.638891e-01
6.457913329403498e-03	5.227344e-02	-5.329673e-01
6.477444579403498e-03	2.824919e-02	-2.942501e-01
6.487210204403498e-03	1.605484e-02	-1.733124e-01
6.496975829403498e-03	3.800056e-03	-5.181507e-02
6.506741454403497e-03	-8.469028e-03	7.058973e-02
6.516507079403497e-03	-2.070624e-02	1.937298e-01
6.534209053640777e-03	-4.265812e-02	4.146400e-01
6.553740303640776e-03	-6.625608e-02	6.516058e-01
6.573271553640776e-03	-8.885749e-02	8.786972e-01
6.592802803640775e-03	-1.101224e-01	1.092644e+00
6.612334053640775e-03	-1.297310e-01	1.290282e+00
6.631865303640775e-03	-1.473883e-01	1.468661e+00
6.651396553640774e-03	-1.628287e-01	1.625112e+00
6.670927803640774e-03	-1.758200e-01	1.757286e+00
6.690459053640773e-03	-1.861669e-01	1.863201e+00
6.709990303640773e-03	-1.937136e-01	1.941266e+00
6.729521553640773e-03	-1.983467e-01	1.990309e+00
6.749052803640772e-03	-1.999965e-01	2.009594e+00
6.768584053640772e-03	-1.986381e-01	1.998834e+00
6.788115303640771e-03	-1.942920e-01	1.958191e+00
6.807646553640771e-03	-1.870236e-01	1.888280e+00
6.827177803640770e-03	-1.769422e-01	1.790152e+00
6.846709053640770e-03	-1.641994e-01	1.665288e+00
6.866240303640770e-03	-1.489869e-01	1.515568e+00
6.885771553640769e-03	-1.315335e-01	1.343250e+00
6.905302803640769e-03	-1.121018e-01	1.150934e+00
6.924834053640768e-03	-9.098385e-02	9.415296e-01
6.944365303640768e-03	-6.849747e-02	7.182215e-01
6.963896553640768e-03	-4.498083e-02	4.844668e-01
6.983427803640767e-03	-2.078762e-02	2.441186e-01
6.993193428640767e-03	-8.550783e-03	1.228225e-01
7.002959053640767e-03	3.718242e-03	9.497593e-04
7.012724678640767e-03	1.597327e-02	-1.218132e-01
7.022490303640766e-03	2.816818e-02	-2.446882e-01
7.042021553640766e-03	5.219445e-02	-4.863039e-01
7.061552803640765e-03	7.543566e-02	-7.197503e-01
7.081084053640765e-03	9.754225e-02	-9.419852e-01
7.100615303640765e-03	1.181817e-01	-1.149782e+00
7.120146553640764e-03	1.370436e-01	-1.340059e+00
7.139677803640764e-03	1.538443e-01	-1.509972e+00
7.159209053640763e-03	1.683309e-01	-1.656975e+00
7.178740303640763e-03	1.802858e-01	-1.778863e+00
7.198271553640763e-03	1.895289e-01	-1.873806e+00
7.217802803640762e-03	1.959214e-01	-1.940380e+00
7.237334053640762e-03	1.993670e-01	-1.977584e+00
7.256865303640761e-03	1.998140e-01	-1.984861e+00
7.276396553640761e-03	1.972555e-01	-1.962103e+00
7.295927803640761e-03	1.917302e-01	-1.909654e+00
7.315459053640760e-03	1.833211e-01	-1.828306e+00
7.334990303640760e-03	1.721546e-01	-1.719284e+00
7.354521553640759e-03	1.583988e-01	-1.584231e+00
7.374052803640759e-03	1.422605e-01	-1.425183e+00
7.393584053640758e-03	1.239825e-01	-1.244537e+00
7.413115303640758e-03	1.038397e-01	-1.045024e+00
7.432646553640758e-03	8.213499e-02	-8.296676e-01
7.452177803640757e-03	5.919493e-02	-6.017642e-01
7.471709053640757e-03	3.536452e-02	-3.649158e-01
7.481474678640757e-03	2.322707e-02	-2.444133e-01
7.491240303640756e-03	1.100220e-02	-1.232529e-01
7.501005928640756e-03	-1.264079e-03	-1.429290e-03
7.510771553640756e-03	-1.352560e-02	1.213741e-01
7.520537178640756e-03	-2.573622e-02	2.443877e-01
7.540068428640755e-03	-4.982126e-02	4.865604e-01
7.559599678640755e-03	-7.315695e-02	7.209190e-01
7.579130928640754e-03	-9.539228e-02	9.444094e-01
7.598662178640754e-03	-1.161928e-01	1.153787e+00
7.618193428640754e-03	-1.352457e-01	1.345945e+00
7.637724678640753e-03	-1.522644e-01	1.518012e+00
7.657255928640753e-03	-1.669929e-01	1.667410e+00
7.676787178640752e-03	-1.792096e-01	1.791898e+00
7.696318428640752e-03	-1.887309e-01	1.889606e+00
7.715849678640752e-03	-1.954135e-01	1.959068e+00
7.735380928640751e-03	-1.991569e-01	1.999241e+00
7.754912178640751e-03	-1.999048e-01	2.009522e+00
7.774443428640750e-03	-1.976459e-01	1.989760e+00
7.793974678640750e-03	-1.924142e-01	1.940252e+00
7.813505928640749e-03	-1.842885e-01	1.861745e+00
7.833037178640749e-03	-1.733909e-01	1.755422e+00
7.852568428640749e-03	-1.598853e-01	1.622886e+00
7.872099678640748e-03	-1.439749e-01	1.466133e+00
7.891630928640748e-03	-1.258990e-01	1.287528e+00
7.911162178640747e-03	-1.059294e-01	1.089767e+00
7.930693428640747e-03	-8.436660e-02	8.758453e-01
7.950224678640747e-03	-6.153482e-02	6.490276e-01
7.969755928640746e-03	-3.777749e-02	4.128606e-01
7.989287178640746e-03	-1.345197e-02	1.713886e-01
7.999052803640746e-03	-1.190275e-03	4.979904e-02
8.008818428640745e-03	1.107590e-02	-7.261536e-02
8.018584053640745e-03	2.330038e-02	-1.956230e-01
8.028349678640745e-03	3.543716e-02	-3.178900e-01
8.047880928640744e-03	5.926542e-02	-5.573259e-01
8.067412178640744e-03	8.220228e-02	-7.877462e-01
8.086943428640744e-03	1.039027e-01	-1.005984e+00
8.106474678640743e-03	1.240404e-01	-1.208839e+00
8.126005928640743e-03	1.423124e-01	-1.393293e+00
8.145537178640742e-03	1.584438e-01	-1.556586e+00
8.165068428640742e-03	1.721922e-01	-1.696269e+00
8.184599678640742e-03	1.833506e-01	-1.810248e+00
8.204130928640741e-03	1.917512e-01	-1.896811e+00
8.223662178640741e-03	1.972677e-01	-1.954659e+00
8.243193428640740e-03	1.998171e-01	-1.982923e+00
8.262724678640740e-03	1.993611e-01	-1.981180e+00
8.282255928640739e-03	1.959065e-01	-1.949458e+00
8.301787178640739e-03	1.895053e-01	-1.888237e+00
8.321318428640739e-03	1.802538e-01	-1.798439e+00
8.340849678640738e-03	1.682911e-01	-1.681417e+00
8.360380928640738e-03	1.537971e-01	-1.538934e+00
8.379912178640737e-03	1.369898e-01	-1.373138e+00
8.399443428640737e-03	1.181222e-01	-1.186532e+00
8.418974678640737e-03	9.747781e-02	-9.819359e-01
8.438505928640736e-03	7.536730e-02	-7.624568e-01
8.458037178640736e-03	5.212320e-02	-5.314746e-01
8.477568428640735e-03	2.809511e-02	-2.927204e-01
8.487334053640735e-03	1.589970e-02	-1.717753e-01
8.497099678640735e-03	3.644450e-03	-5.026921e-02
8.506865303640735e-03	-8.624520e-03	7.214864e-02
8.516630928640734e-03	-2.086103e-02	1.952905e-01
8.534318334696207e-03	-4.279228e-02	4.159881e-01
8.553849584696207e-03	-6.638563e-02	6.529070e-01
8.573380834696206e-03	-8.898050e-02	8.799338e-01
8.592912084696206e-03	-1.102370e-01	1.093798e+00
8.612443334696206e-03	-1.298355e-01	1.291336e+00
8.631974584696205e-03	-1.474811e-01	1.469600e+00
8.651505834696205e-03	-1.629084e-01	1.625921e+00
8.671037084696204e-03	-1.758855e-01	1.757953e+00
8.690568334696204e-03	-1.862170e-01	1.863716e+00
8.710099584696204e-03	-1.937477e-01	1.941622e+00
8.729630834696203e-03	-1.983643e-01	1.990500e+00
8.749162084696203e-03	-1.999972e-01	2.009618e+00
8.768693334696202e-03	-1.986220e-01	1.998689e+00
8.788224584696202e-03	-1.942594e-01	1.957881e+00
8.807755834696201e-03	-1.869749e-01	1.887808e+00
8.827287084696201e-03	-1.768782e-01	1.789526e+00
8.846818334696201e-03	-1.641210e-01	1.664517e+00
8.866349584696200e-03	-1.488953e-01	1.514665e+00
8.885880834696200e-03	-1.314301e-01	1.342227e+00
8.905412084696199e-03	-1.119880e-01	1.149807e+00
8.924943334696199e-03	-9.086154e-02	9.403158e-01
8.944474584696199e-03	-6.836843e-02	7.169393e-01
8.964005834696198e-03	-4.484701e-02	4.831364e-01
8.983537084696198e-03	-2.065104e-02	2.427636e-01
8.993302709696198e-03	-8.413579e-03	1.214628e-01
9.003068334696197e-03	3.855544e-03	-4.190692e-04
9.012833959696197e-03	1.611016e-02	-1.231905e-01
9.022599584696197e-03	2.830413e-02	-2.460582e-01
9.042130834696196e-03	5.232700e-02	-4.876354e-01
9.061662084696196e-03	7.556283e-02	-7.210280e-01
9.081193334696196e-03	9.766211e-02	-9.431910e-01
9.100724584696195e-03	1.182925e-01	-1.150898e+00
9.120255834696195e-03	1.371436e-01	-1.341069e+00
9.139787084696194e-03	1.539320e-01	-1.510860e+00
9.159318334696194e-03	1.684050e-01	-1.657729e+00
9.178849584696194e-03	1.803452e-01	-1.779471e+00
9.198380834696193e-03	1.895727e-01	-1.874259e+00
9.217912084696193e-03	1.959489e-01	-1.940670e+00
9.237443334696192e-03	1.993779e-01	-1.977708e+00
9.256974584696192e-03	1.998080e-01	-1.984817e+00
9.276505834696191e-03	1.972328e-01	-1.961891e+00
9.296037084696191e-03	1.916911e-01	-1.909279e+00
9.315568334696191e-03	1.832661e-01	-1.827772e+00
9.335099584696190e-03	1.720847e-01	-1.718599e+00
9.354630834696190e-03	1.583149e-01	-1.583406e+00
9.374162084696189e-03	1.421639e-01	-1.424230e+00
9.393693334696189e-03	1.238747e-01	-1.243471e+00
9.413224584696189e-03	1.037223e-01	-1.043860e+00
9.432755834696188e-03	8.200976e-02	-8.284242e-01
9.452287084696188e-03	5.906374e-02	-6.004604e-01
9.471818334696187e-03	3.522935e-02	-3.635729e-01
9.481583959696187e-03	2.309067e-02	-2.430603e-01
9.491349584696187e-03	1.086508e-02	-1.218942e-01
9.501115209696187e-03	-1.401402e-03	-6.053748e-05
9.510880834696187e-03	-1.366261e-02	1.227524e-01
9.520646459696186e-03	-2.587240e-02	2.457599e-01
9.540177709696186e-03	-4.995425e-02	4.878960e-01
9.559708959696185e-03	-7.328474e-02	7.222027e-01
9.579240209696185e-03	-9.551296e-02	9.456230e-01
9.598771459696185e-03	-1.163046e-01	1.154912e+00
9.618302709696184e-03	-1.353469e-01	1.346966e+00
9.637833959696184e-03	-1.523534e-01	1.518914e+00
9.657365209696183e-03	-1.670684e-01	1.668178e+00
9.676896459696183e-03	-1.792706e-01	1.792521e+00
9.696427709696183e-03	-1.887763e-01	1.890074e+00
9.715958959696182e-03	-1.954427e-01	1.959375e+00
9.735490209696182e-03	-1.991694e-01	1.999382e+00
9.755021459696181e-03	-1.999005e-01	2.009495e+00
9.774552709696181e-03	-1.976248e-01	1.989565e+00
9.794083959696180e-03	-1.923767e-01	1.939892e+00
9.813615209696180e-03	-1.842351e-01	1.861226e+00
9.833146459696180e-03	-1.733224e-01	1.754752e+00
9.852677709696179e-03	-1.598027e-01	1.622074e+00
9.872208959696179e-03	-1.438795e-01	1.465193e+00
9.891740209696178e-03	-1.257923e-01	1.286472e+00
9.911271459696178e-03	-1.058129e-01	1.088612e+00
9.930802709696178e-03	-8.424207e-02	8.746089e-01
9.950333959696177e-03	-6.140414e-02	6.477285e-01
9.969865209696177e-03	-3.764263e-02	4.115203e-01
9.979630834696177e-03	-2.552683e-02	2.911531e-01
9.989396459696176e-03	-1.331495e-02	1.700308e-01
9.999162084696176e-03	-1.052951e-03	4.863099e-02
1.000000000000000e-02	-4.898587e-16	3.819956e-02
