time	V(vin)	V(vo)
0.000000000000000e+00	0.000000e+00	1.201263e-02
1.954521762465106e-07	2.456130e-04	1.200048e-02
3.909043524930212e-07	4.912247e-04	1.193669e-02
5.863565287395318e-07	7.368353e-04	1.182125e-02
7.818087049860424e-07	9.824448e-04	1.165416e-02
9.772608812325529e-07	1.228053e-03	1.143543e-02
1.172713057479064e-06	1.473660e-03	1.116505e-02
1.368165233725574e-06	1.719266e-03	1.084303e-02
2.555922986221964e-06	3.211729e-03	8.417423e-03
3.726542346643055e-06	4.682483e-03	5.470405e-03
4.665246275857369e-06	5.861682e-03	3.056299e-03
5.520256904023132e-06	6.935569e-03	1.126659e-03
6.337820829213985e-06	7.962236e-03	-5.693836e-04
6.883496037484999e-06	8.647360e-03	-1.966325e-03
7.447872038894083e-06	9.355856e-03	-4.142188e-03
8.089400662243852e-06	1.016106e-02	-7.940270e-03
9.088820809155668e-06	1.141514e-02	-1.639735e-02
1.070710122498300e-05	1.344479e-02	-3.364411e-02
1.238433185412997e-05	1.554691e-02	-5.399681e-02
1.883949151547409e-05	2.361915e-02	-1.371442e-01
2.311575933724786e-05	2.894610e-02	-1.833840e-01
2.670947419938156e-05	3.340679e-02	-2.067217e-01
3.033799734004986e-05	3.789340e-02	-2.174067e-01
3.558946854961861e-05	4.435126e-02	-2.258219e-01
4.110135736623408e-05	5.107730e-02	-2.316382e-01
5.086698236623409e-05	6.283864e-02	-2.386896e-01
6.063260736623409e-05	7.436346e-02	-2.438435e-01
7.039823236623408e-05	8.560840e-02	-2.476664e-01
8.016385736623408e-05	9.653112e-02	-2.501231e-01
8.785483910327734e-05	1.048796e-01	-2.507654e-01
1.039438088234999e-04	1.215300e-01	-2.507625e-01
1.234750588234999e-04	1.400599e-01	-2.507496e-01
1.430063088234999e-04	1.564831e-01	-2.507365e-01
1.625375588235000e-04	1.705527e-01	-2.507249e-01
1.820688088235000e-04	1.820570e-01	-2.507153e-01
2.016000588235000e-04	1.908230e-01	-2.507079e-01
2.211313088235000e-04	1.967189e-01	-2.507030e-01
2.406625588235000e-04	1.996559e-01	-2.507007e-01
2.601938088235000e-04	1.995899e-01	-2.507011e-01
2.797250588235000e-04	1.965219e-01	-2.507041e-01
2.992563088235001e-04	1.904980e-01	-2.507097e-01
3.187875588235001e-04	1.816089e-01	-2.507180e-01
3.383188088235001e-04	1.699882e-01	-2.507285e-01
3.578500588235001e-04	1.558107e-01	-2.507412e-01
3.773813088235001e-04	1.392896e-01	-2.507557e-01
3.969125588235001e-04	1.206736e-01	-2.507717e-01
4.164438088235002e-04	1.002424e-01	-2.507881e-01
4.359750588235002e-04	7.830358e-02	-2.508029e-01
4.457406838235002e-04	6.687111e-02	-2.508088e-01
4.555063088235002e-04	5.518696e-02	-2.508098e-01
4.652719338235002e-04	4.329509e-02	-2.508066e-01
4.750375588235002e-04	3.124028e-02	-2.507062e-01
4.945688088235002e-04	6.823712e-03	-2.494356e-01
5.043344338235002e-04	-5.446137e-03	-2.477733e-01
5.141000588235002e-04	-1.769549e-02	-2.448054e-01
5.238656838235002e-04	-2.987824e-02	-2.388015e-01
5.336313088235002e-04	-4.194853e-02	-2.247923e-01
5.369788079729055e-04	-4.605197e-02	-1.928015e-01
5.389158144958174e-04	-4.841721e-02	-1.266543e-01
5.408070536566172e-04	-5.071964e-02	-2.142766e-02
5.411440557212638e-04	-5.112918e-02	-6.104490e-03
5.413726394098432e-04	-5.140683e-02	-6.525631e-04
5.414659578299933e-04	-5.152014e-02	7.750015e-04
5.415475248622990e-04	-5.161918e-02	2.068084e-03
5.416308679015825e-04	-5.172035e-02	3.888610e-03
5.417563299367926e-04	-5.187264e-02	7.808292e-03
5.419844736590657e-04	-5.214947e-02	1.732809e-02
5.423038270299876e-04	-5.253679e-02	3.328973e-02
5.426361382915296e-04	-5.293960e-02	5.155442e-02
5.431808281666543e-04	-5.359935e-02	8.252792e-02
5.441085421070881e-04	-5.472159e-02	1.326001e-01
5.453904684627927e-04	-5.626925e-02	1.844487e-01
5.466929960656350e-04	-5.783803e-02	2.101634e-01
5.479978774713045e-04	-5.940577e-02	2.191640e-01
5.492816764879453e-04	-6.094428e-02	2.235307e-01
5.518492745212268e-04	-6.400931e-02	2.287650e-01
5.565531284442571e-04	-6.958067e-02	2.348875e-01
5.623709115861641e-04	-7.638679e-02	2.397378e-01
5.721365365861641e-04	-8.757744e-02	2.451194e-01
5.819021615861641e-04	-9.843846e-02	2.486770e-01
5.953298959611640e-04	-1.127593e-01	2.507791e-01
6.099783334611640e-04	-1.274638e-01	2.507666e-01
6.295095834611640e-04	-1.453712e-01	2.507511e-01
6.490408334611641e-04	-1.610920e-01	2.507372e-01
6.685720834611641e-04	-1.743899e-01	2.507253e-01
6.881033334611641e-04	-1.850647e-01	2.507157e-01
7.076345834611641e-04	-1.929560e-01	2.507086e-01
7.271658334611641e-04	-1.979451e-01	2.507042e-01
7.466970834611641e-04	-1.999569e-01	2.507024e-01
7.662283334611642e-04	-1.989612e-01	2.507032e-01
7.857595834611642e-04	-1.949729e-01	2.507068e-01
8.052908334611642e-04	-1.880520e-01	2.507131e-01
8.248220834611642e-04	-1.783027e-01	2.507218e-01
8.443533334611642e-04	-1.658715e-01	2.507329e-01
8.638845834611642e-04	-1.509455e-01	2.507462e-01
8.834158334611643e-04	-1.337491e-01	2.507612e-01
9.029470834611643e-04	-1.145409e-01	2.507775e-01
9.224783334611643e-04	-9.361003e-02	2.507940e-01
9.322439584611643e-04	-8.259601e-02	2.508017e-01
9.420095834611643e-04	-7.127112e-02	2.508085e-01
9.517752084611643e-04	-5.967799e-02	2.508135e-01
9.615408334611643e-04	-4.786024e-02	2.508146e-01
9.713064584611643e-04	-3.586235e-02	2.508014e-01
9.810720834611643e-04	-2.372949e-02	2.506828e-01
1.000603333461164e-03	7.581694e-04	2.491147e-01
1.010368958461164e-03	1.302080e-02	2.470464e-01
1.020134583461164e-03	2.523443e-02	2.433648e-01
1.029900208461164e-03	3.735308e-02	2.334466e-01
1.039665833461164e-03	4.933114e-02	1.648503e-01
1.042426838884984e-03	5.268593e-02	8.014212e-02
1.044034886315365e-03	5.463256e-02	1.206853e-03
1.046393043825894e-03	5.747711e-02	-1.082694e-01
1.048849795658221e-03	6.042715e-02	-1.920858e-01
1.050688074706423e-03	6.262516e-02	-2.190542e-01
1.052315712070650e-03	6.456434e-02	-2.249114e-01
1.054023081682973e-03	6.659126e-02	-2.284963e-01
1.057437820907617e-03	7.062187e-02	-2.331370e-01
1.064267299356907e-03	7.858372e-02	-2.391837e-01
1.074032924356907e-03	8.971363e-02	-2.448728e-01
1.083798549356907e-03	1.005059e-01	-2.485363e-01
1.094784877481907e-03	1.121930e-01	-2.507779e-01
1.097226283731907e-03	1.147195e-01	-2.507774e-01
1.111874721231907e-03	1.292911e-01	-2.507651e-01
1.131405971231907e-03	1.469975e-01	-2.507498e-01
1.150937221231907e-03	1.624929e-01	-2.507361e-01
1.170468471231907e-03	1.755442e-01	-2.507245e-01
1.189999721231907e-03	1.859552e-01	-2.507151e-01
1.209530971231907e-03	1.935692e-01	-2.507083e-01
1.229062221231907e-03	1.982718e-01	-2.507041e-01
1.248593471231907e-03	1.999922e-01	-2.507025e-01
1.268124721231907e-03	1.987045e-01	-2.507037e-01
1.287655971231907e-03	1.944281e-01	-2.507075e-01
1.307187221231907e-03	1.872274e-01	-2.507140e-01
1.326718471231907e-03	1.772105e-01	-2.507230e-01
1.346249721231907e-03	1.645283e-01	-2.507343e-01
1.365780971231907e-03	1.493714e-01	-2.507477e-01
1.385312221231907e-03	1.319678e-01	-2.507629e-01
1.404843471231907e-03	1.125793e-01	-2.507791e-01
1.424374721231907e-03	9.149750e-02	-2.507953e-01
1.434140346231907e-03	8.041984e-02	-2.508027e-01
1.443905971231907e-03	6.903949e-02	-2.508088e-01
1.453671596231907e-03	5.739930e-02	-2.508126e-01
1.463437221231907e-03	4.554306e-02	-2.508106e-01
1.473202846231907e-03	3.351542e-02	-2.507697e-01
1.482968471231907e-03	2.136162e-02	-2.505431e-01
1.502499721231907e-03	-3.141113e-03	-2.484292e-01
1.512265346231907e-03	-1.539784e-02	-2.458580e-01
1.522030971231907e-03	-2.759661e-02	-2.410370e-01
1.531796596231907e-03	-3.969151e-02	-2.314968e-01
1.535956743546564e-03	-4.480118e-02	-2.200111e-01
1.538237309378529e-03	-4.758950e-02	-1.864008e-01
1.539716237932341e-03	-4.939251e-02	-1.241738e-01
1.540898612167942e-03	-5.083093e-02	-5.120752e-02
1.541350345911951e-03	-5.137975e-02	-2.470621e-02
1.541682104137849e-03	-5.178255e-02	-9.327229e-03
1.541868793483216e-03	-5.200911e-02	-3.625473e-03
1.542095501676933e-03	-5.228415e-02	4.696610e-04
1.542194129090081e-03	-5.240377e-02	2.086470e-03
1.542283643286832e-03	-5.251231e-02	4.022485e-03
1.542389851067999e-03	-5.264109e-02	7.315668e-03
1.542602266630334e-03	-5.289856e-02	1.608564e-02
1.542886634127440e-03	-5.324309e-02	3.014440e-02
1.543180450764898e-03	-5.359890e-02	4.628223e-02
1.543736050381618e-03	-5.427122e-02	7.816537e-02
1.544463869712688e-03	-5.515094e-02	1.183451e-01
1.545919508374827e-03	-5.690689e-02	1.815231e-01
1.547138674062291e-03	-5.837393e-02	2.088362e-01
1.548379779179457e-03	-5.986385e-02	2.182672e-01
1.549739526466578e-03	-6.149201e-02	2.232353e-01
1.551977240807126e-03	-6.416164e-02	2.281177e-01
1.556452669488222e-03	-6.946230e-02	2.342775e-01
1.561840177666881e-03	-7.576999e-02	2.390398e-01
1.571605802666881e-03	-8.697736e-02	2.446658e-01
1.581371427666881e-03	-9.785736e-02	2.484218e-01
1.594799162041881e-03	-1.122078e-01	2.507796e-01
1.609447599541881e-03	-1.269492e-01	2.507672e-01
1.628978849541881e-03	-1.449123e-01	2.507515e-01
1.648510099541881e-03	-1.606958e-01	2.507376e-01
1.668041349541881e-03	-1.740623e-01	2.507257e-01
1.687572599541881e-03	-1.848108e-01	2.507160e-01
1.707103849541881e-03	-1.927795e-01	2.507088e-01
1.726635099541881e-03	-1.978487e-01	2.507043e-01
1.746166349541881e-03	-1.999420e-01	2.507024e-01
1.765697599541881e-03	-1.990280e-01	2.507032e-01
1.785228849541881e-03	-1.951204e-01	2.507067e-01
1.804760099541881e-03	-1.882781e-01	2.507129e-01
1.824291349541881e-03	-1.786038e-01	2.507215e-01
1.843822599541881e-03	-1.662432e-01	2.507326e-01
1.863353849541881e-03	-1.513822e-01	2.507458e-01
1.882885099541881e-03	-1.342442e-01	2.507608e-01
1.902416349541881e-03	-1.150870e-01	2.507771e-01
1.921947599541881e-03	-9.419888e-02	2.507936e-01
1.931713224541881e-03	-8.320296e-02	2.508014e-01
1.941478849541881e-03	-7.189388e-02	2.508082e-01
1.951244474541881e-03	-6.031421e-02	2.508134e-01
1.961010099541881e-03	-4.850753e-02	2.508147e-01
1.970775724541881e-03	-3.651828e-02	2.508036e-01
1.980541349541880e-03	-2.439159e-02	2.506942e-01
2.000072599541880e-03	9.123128e-05	2.491879e-01
2.009838224541880e-03	1.235521e-02	2.471798e-01
2.019603849541880e-03	2.457268e-02	2.436156e-01
2.029369474541879e-03	3.669766e-02	2.347409e-01
2.039135099541879e-03	4.868453e-02	1.800804e-01
2.041902665984475e-03	5.205021e-02	1.039923e-01
2.045837020750365e-03	5.680751e-02	-8.694249e-02
2.047683982676466e-03	5.902901e-02	-1.720260e-01
2.048963295177348e-03	6.056309e-02	-2.055641e-01
2.050504788668868e-03	6.240638e-02	-2.185203e-01
2.052105731931535e-03	6.431454e-02	-2.243003e-01
2.054036996358945e-03	6.660775e-02	-2.284184e-01
2.057899525213763e-03	7.116439e-02	-2.337950e-01
2.062399179194816e-03	7.641962e-02	-2.380021e-01
2.071398487156922e-03	8.674268e-02	-2.435738e-01
2.081164112156922e-03	9.763007e-02	-2.477666e-01
2.090929737156922e-03	1.081500e-01	-2.506196e-01
2.094591846531922e-03	1.119921e-01	-2.507795e-01
2.108703981069957e-03	1.262257e-01	-2.507677e-01
2.128235231069957e-03	1.442667e-01	-2.507522e-01
2.147766481069957e-03	1.601378e-01	-2.507381e-01
2.167297731069956e-03	1.736002e-01	-2.507262e-01
2.186828981069956e-03	1.844516e-01	-2.507164e-01
2.206360231069955e-03	1.925286e-01	-2.507092e-01
2.225891481069955e-03	1.977098e-01	-2.507046e-01
2.245422731069955e-03	1.999173e-01	-2.507028e-01
2.264953981069954e-03	1.991178e-01	-2.507035e-01
2.284485231069954e-03	1.953234e-01	-2.507069e-01
2.304016481069953e-03	1.885912e-01	-2.507129e-01
2.323547731069953e-03	1.790224e-01	-2.507215e-01
2.343078981069952e-03	1.667609e-01	-2.507324e-01
2.362610231069952e-03	1.519912e-01	-2.507455e-01
2.382141481069952e-03	1.349354e-01	-2.507604e-01
2.401672731069951e-03	1.158500e-01	-2.507765e-01
2.421203981069951e-03	9.502216e-02	-2.507929e-01
2.430969606069951e-03	8.405180e-02	-2.508005e-01
2.440735231069950e-03	7.276509e-02	-2.508070e-01
2.450500856069950e-03	6.120450e-02	-2.508118e-01
2.460266481069950e-03	4.941356e-02	-2.508122e-01
2.470032106069950e-03	3.743663e-02	-2.507979e-01
2.479797731069950e-03	2.531880e-02	-2.506684e-01
2.499328981069949e-03	8.432248e-04	-2.490137e-01
2.509094606069949e-03	-1.142240e-02	-2.468693e-01
2.518860231069949e-03	-2.364503e-02	-2.430331e-01
2.528625856069948e-03	-3.577867e-02	-2.309293e-01
2.538391481069948e-03	-4.777765e-02	-1.430395e-01
2.541256718652413e-03	-5.126604e-02	-4.219696e-02
2.542169839112072e-03	-5.237431e-02	-2.889400e-04
2.543015081622125e-03	-5.339866e-02	3.484317e-02
2.543686887738453e-03	-5.421175e-02	6.950241e-02
2.544318530344940e-03	-5.497536e-02	1.057913e-01
2.545105676615306e-03	-5.592573e-02	1.480865e-01
2.546106383941997e-03	-5.713198e-02	1.868680e-01
2.547355160606177e-03	-5.863408e-02	2.102225e-01
2.548512190121391e-03	-6.002259e-02	2.185699e-01
2.549760419317315e-03	-6.151700e-02	2.230356e-01
2.552189284530881e-03	-6.441396e-02	2.282694e-01
2.556860348407203e-03	-6.994248e-02	2.345697e-01
2.562903941922644e-03	-7.700541e-02	2.397166e-01
2.572669566922644e-03	-8.817914e-02	2.451452e-01
2.582435191922644e-03	-9.902098e-02	2.487001e-01
2.595862926297644e-03	-1.133119e-01	2.507786e-01
2.610511363797643e-03	-1.279793e-01	2.507662e-01
2.630042613797643e-03	-1.458304e-01	2.507507e-01
2.649573863797642e-03	-1.614881e-01	2.507368e-01
2.669105113797642e-03	-1.747168e-01	2.507250e-01
2.688636363797642e-03	-1.853177e-01	2.507155e-01
2.708167613797641e-03	-1.931312e-01	2.507085e-01
2.727698863797641e-03	-1.980398e-01	2.507041e-01
2.747230113797640e-03	-1.999697e-01	2.507023e-01
2.766761363797640e-03	-1.988919e-01	2.507033e-01
2.786292613797640e-03	-1.948226e-01	2.507070e-01
2.805823863797639e-03	-1.878229e-01	2.507133e-01
2.825355113797639e-03	-1.779983e-01	2.507221e-01
2.844886363797638e-03	-1.654963e-01	2.507333e-01
2.864417613797638e-03	-1.505052e-01	2.507466e-01
2.883948863797637e-03	-1.332503e-01	2.507617e-01
2.903480113797637e-03	-1.139912e-01	2.507780e-01
2.923011363797637e-03	-9.301757e-02	2.507945e-01
2.932776988797636e-03	-8.198551e-02	2.508022e-01
2.942542613797636e-03	-7.064487e-02	2.508089e-01
2.952308238797636e-03	-5.903834e-02	2.508138e-01
2.962073863797636e-03	-4.720961e-02	2.508145e-01
2.971839488797636e-03	-3.520318e-02	2.507990e-01
2.981605113797635e-03	-2.306427e-02	2.506700e-01
3.001136363797635e-03	1.427985e-03	2.490356e-01
3.010901988797635e-03	1.368913e-02	2.469047e-01
3.020667613797635e-03	2.589876e-02	2.430975e-01
3.030433238797634e-03	3.801090e-02	2.315319e-01
3.040198863797634e-03	4.997999e-02	1.473140e-01
3.043038474469686e-03	5.342699e-02	5.013596e-02
3.044113501208656e-03	5.472759e-02	-1.504561e-04
3.045129264434048e-03	5.595419e-02	-4.541622e-02
3.046035449509898e-03	5.704655e-02	-9.349840e-02
3.046904815543663e-03	5.809279e-02	-1.410563e-01
3.047937605662519e-03	5.933344e-02	-1.838194e-01
3.049110154751225e-03	6.073895e-02	-2.084218e-01
3.050268134150820e-03	6.212377e-02	-2.176821e-01
3.051479716211868e-03	6.356916e-02	-2.223779e-01
3.053732849816582e-03	6.624724e-02	-2.275828e-01
3.057754520248092e-03	7.099407e-02	-2.334216e-01
3.063759693991241e-03	7.799675e-02	-2.388686e-01
3.073525318991241e-03	8.914307e-02	-2.446077e-01
3.083290943991240e-03	9.995387e-02	-2.483847e-01
3.094277272116240e-03	1.116644e-01	-2.507769e-01
3.096718678366240e-03	1.141964e-01	-2.507779e-01
3.111367115866240e-03	1.288038e-01	-2.507657e-01
3.130898365866240e-03	1.465642e-01	-2.507502e-01
3.150429615866239e-03	1.621201e-01	-2.507365e-01
3.169960865866239e-03	1.752376e-01	-2.507248e-01
3.189492115866238e-03	1.857194e-01	-2.507153e-01
3.209023365866238e-03	1.934078e-01	-2.507084e-01
3.228554615866238e-03	1.981871e-01	-2.507041e-01
3.248085865866237e-03	1.999855e-01	-2.507025e-01
3.267617115866237e-03	1.987760e-01	-2.507036e-01
3.287148365866236e-03	1.945767e-01	-2.507074e-01
3.306679615866236e-03	1.874507e-01	-2.507138e-01
3.326210865866235e-03	1.775054e-01	-2.507227e-01
3.345742115866235e-03	1.648901e-01	-2.507340e-01
3.365273365866235e-03	1.497948e-01	-2.507474e-01
3.384804615866234e-03	1.324465e-01	-2.507624e-01
3.404335865866234e-03	1.131060e-01	-2.507787e-01
3.423867115866233e-03	9.206425e-02	-2.507949e-01
3.433632740866233e-03	8.100346e-02	-2.508023e-01
3.443398365866233e-03	6.963781e-02	-2.508086e-01
3.453163990866233e-03	5.801005e-02	-2.508126e-01
3.462929615866233e-03	4.616395e-02	-2.508111e-01
3.472695240866232e-03	3.414410e-02	-2.507756e-01
3.482460865866232e-03	2.199574e-02	-2.505683e-01
3.501992115866232e-03	-2.503301e-03	-2.485365e-01
3.511757740866232e-03	-1.476178e-02	-2.460409e-01
3.521523365866231e-03	-2.696469e-02	-2.414120e-01
3.531288990866231e-03	-3.906612e-02	-2.322916e-01
3.535809995288919e-03	-4.462143e-02	-2.209377e-01
3.538141373241420e-03	-4.747240e-02	-1.894932e-01
3.539648322083091e-03	-4.930981e-02	-1.288784e-01
3.541065008372128e-03	-5.103314e-02	-4.290497e-02
3.541477479144608e-03	-5.153413e-02	-1.946533e-02
3.541770147547495e-03	-5.188940e-02	-7.117279e-03
3.541950622481954e-03	-5.210840e-02	-2.164410e-03
3.542065036900736e-03	-5.224720e-02	-2.411045e-04
3.542134452990023e-03	-5.233139e-02	7.116965e-04
3.542210722136598e-03	-5.242389e-02	1.901768e-03
3.542283018234544e-03	-5.251156e-02	3.458571e-03
3.542427610430434e-03	-5.268686e-02	7.831556e-03
3.542596951902845e-03	-5.289211e-02	1.472347e-02
3.542927501659636e-03	-5.329259e-02	3.115414e-02
3.543240268973718e-03	-5.367132e-02	4.832153e-02
3.543740181356746e-03	-5.427621e-02	7.701583e-02
3.544602849450121e-03	-5.531879e-02	1.242809e-01
3.546023848348223e-03	-5.703258e-02	1.837071e-01
3.547304441376432e-03	-5.857314e-02	2.102239e-01
3.548595125155582e-03	-6.012200e-02	2.191811e-01
3.549907641911592e-03	-6.169301e-02	2.236665e-01
3.552457764829085e-03	-6.473327e-02	2.288818e-01
3.557140662716501e-03	-7.027239e-02	2.349845e-01
3.562855797982419e-03	-7.694957e-02	2.397595e-01
3.572621422982419e-03	-8.812483e-02	2.451472e-01
3.582387047982419e-03	-9.896842e-02	2.487008e-01
3.595814782357419e-03	-1.132620e-01	2.507786e-01
3.610463219857419e-03	-1.279328e-01	2.507662e-01
3.629994469857418e-03	-1.457890e-01	2.507507e-01
3.649525719857418e-03	-1.614524e-01	2.507369e-01
3.669056969857417e-03	-1.746874e-01	2.507251e-01
3.688588219857417e-03	-1.852949e-01	2.507156e-01
3.708119469857417e-03	-1.931154e-01	2.507085e-01
3.727650719857416e-03	-1.980313e-01	2.507041e-01
3.747181969857416e-03	-1.999687e-01	2.507023e-01
3.766713219857415e-03	-1.988983e-01	2.507033e-01
3.786244469857415e-03	-1.948362e-01	2.507070e-01
3.805775719857415e-03	-1.878437e-01	2.507132e-01
3.825306969857414e-03	-1.780258e-01	2.507221e-01
3.844838219857414e-03	-1.655303e-01	2.507333e-01
3.864369469857413e-03	-1.505450e-01	2.507465e-01
3.883900719857413e-03	-1.332954e-01	2.507616e-01
3.903431969857412e-03	-1.140409e-01	2.507779e-01
3.922963219857412e-03	-9.307113e-02	2.507944e-01
3.932728844857412e-03	-8.204069e-02	2.508021e-01
3.942494469857412e-03	-7.070147e-02	2.508088e-01
3.952260094857412e-03	-5.909615e-02	2.508137e-01
3.962025719857412e-03	-4.726839e-02	2.508145e-01
3.971791344857411e-03	-3.526274e-02	2.507992e-01
3.981556969857411e-03	-2.312436e-02	2.506712e-01
4.001088219857411e-03	1.367487e-03	2.490430e-01
4.010853844857411e-03	1.362877e-02	2.469178e-01
4.020619469857410e-03	2.583877e-02	2.431222e-01
4.030385094857410e-03	3.795151e-02	2.317457e-01
4.040150719857410e-03	4.992140e-02	1.489471e-01
4.042981434870760e-03	5.335791e-02	5.325713e-02
4.044126759145323e-03	5.474361e-02	-5.586685e-04
4.045195758024802e-03	5.603441e-02	-4.929927e-02
4.046215590069985e-03	5.726348e-02	-1.037746e-01
4.047208375156236e-03	5.845770e-02	-1.549224e-01
4.048344511691592e-03	5.982156e-02	-1.937738e-01
4.049670061053139e-03	6.140894e-02	-2.137266e-01
4.050754042259451e-03	6.270389e-02	-2.199323e-01
4.052147843660408e-03	6.436465e-02	-2.242527e-01
4.054935446462320e-03	6.767125e-02	-2.296208e-01
4.059949876651163e-03	7.356634e-02	-2.356285e-01
4.067992722864046e-03	8.286680e-02	-2.416562e-01
4.077758347864046e-03	9.387276e-02	-2.465284e-01
4.087523972864045e-03	1.045254e-01	-2.496037e-01
4.095613171331425e-03	1.130531e-01	-2.507502e-01
4.096675579920193e-03	1.141519e-01	-2.507813e-01
4.098800397097727e-03	1.163342e-01	-2.507760e-01
4.111549300162933e-03	1.289788e-01	-2.507654e-01
4.131080550162932e-03	1.467199e-01	-2.507501e-01
4.150611800162932e-03	1.622541e-01	-2.507364e-01
4.170143050162931e-03	1.753479e-01	-2.507247e-01
4.189674300162931e-03	1.858042e-01	-2.507153e-01
4.209205550162931e-03	1.934659e-01	-2.507084e-01
4.228736800162930e-03	1.982177e-01	-2.507041e-01
4.248268050162930e-03	1.999882e-01	-2.507025e-01
4.267799300162929e-03	1.987506e-01	-2.507036e-01
4.287330550162929e-03	1.945236e-01	-2.507074e-01
4.306861800162928e-03	1.873708e-01	-2.507139e-01
4.326393050162928e-03	1.773998e-01	-2.507228e-01
4.345924300162928e-03	1.647605e-01	-2.507341e-01
4.365455550162927e-03	1.496430e-01	-2.507475e-01
4.384986800162927e-03	1.322748e-01	-2.507626e-01
4.404518050162926e-03	1.129171e-01	-2.507789e-01
4.424049300162926e-03	9.186094e-02	-2.507951e-01
4.433814925162926e-03	8.079409e-02	-2.508025e-01
4.443580550162926e-03	6.942315e-02	-2.508087e-01
4.453346175162925e-03	5.779091e-02	-2.508125e-01
4.463111800162925e-03	4.594116e-02	-2.508110e-01
4.472877425162925e-03	3.391850e-02	-2.507712e-01
4.482643050162925e-03	2.176818e-02	-2.505512e-01
4.502174300162924e-03	-2.732221e-03	-2.484849e-01
4.511939925162924e-03	-1.499008e-02	-2.459584e-01
4.521705550162924e-03	-2.719152e-02	-2.412497e-01
4.531471175162924e-03	-3.929062e-02	-2.319652e-01
4.535824054698278e-03	-4.463866e-02	-2.206468e-01
4.538135820922420e-03	-4.746562e-02	-1.885314e-01
4.539629907511751e-03	-4.928738e-02	-1.275573e-01
4.540960834125089e-03	-5.090655e-02	-4.629804e-02
4.541386931038589e-03	-5.142418e-02	-2.172284e-02
4.541696353465413e-03	-5.179984e-02	-8.067751e-03
4.541877505103596e-03	-5.201968e-02	-2.839325e-03
4.542046869158672e-03	-5.222516e-02	9.062883e-05
4.542126903767583e-03	-5.232223e-02	1.265627e-03
4.542204605237030e-03	-5.241647e-02	2.655558e-03
4.542292583578319e-03	-5.252315e-02	4.904212e-03
4.542468540260897e-03	-5.273648e-02	1.126179e-02
4.542747481411099e-03	-5.307452e-02	2.405578e-02
4.543020145557848e-03	-5.340479e-02	3.847510e-02
4.544068910413680e-03	-5.467369e-02	9.823099e-02
4.545307089788558e-03	-5.616869e-02	1.614766e-01
4.546368503483155e-03	-5.744757e-02	1.964921e-01
4.547611103343160e-03	-5.894149e-02	2.138029e-01
4.548705576601597e-03	-6.025437e-02	2.199150e-01
4.550126087297521e-03	-6.195407e-02	2.242983e-01
4.552967108689369e-03	-6.533854e-02	2.297236e-01
4.558143507989280e-03	-7.145084e-02	2.358566e-01
4.566062555869203e-03	-8.065323e-02	2.417426e-01
4.575828180869203e-03	-9.172416e-02	2.465801e-01
4.585593805869203e-03	-1.024499e-01	2.496403e-01
4.594577432420572e-03	-1.120339e-01	2.502277e-01
4.603561058971942e-03	-1.211957e-01	2.506716e-01
4.612544685523311e-03	-1.299354e-01	2.509719e-01
4.621528312074681e-03	-1.382530e-01	2.511287e-01
4.630511938626050e-03	-1.461484e-01	2.511419e-01
4.639495565177420e-03	-1.536216e-01	2.510116e-01
4.648479191728790e-03	-1.606727e-01	2.507376e-01
4.668010441728789e-03	-1.740432e-01	2.507257e-01
4.687541691728789e-03	-1.847959e-01	2.507160e-01
4.707072941728788e-03	-1.927692e-01	2.507089e-01
4.726604191728788e-03	-1.978430e-01	2.507043e-01
4.746135441728788e-03	-1.999410e-01	2.507024e-01
4.765666691728787e-03	-1.990318e-01	2.507032e-01
4.785197941728787e-03	-1.951289e-01	2.507067e-01
4.804729191728786e-03	-1.882912e-01	2.507129e-01
4.824260441728786e-03	-1.786213e-01	2.507215e-01
4.843791691728785e-03	-1.662648e-01	2.507326e-01
4.863322941728785e-03	-1.514075e-01	2.507458e-01
4.882854191728785e-03	-1.342730e-01	2.507608e-01
4.902385441728784e-03	-1.151188e-01	2.507771e-01
4.921916691728784e-03	-9.423314e-02	2.507936e-01
4.931682316728784e-03	-8.323827e-02	2.508014e-01
4.941447941728783e-03	-7.193013e-02	2.508082e-01
4.951213566728783e-03	-6.035124e-02	2.508132e-01
4.960979191728783e-03	-4.854521e-02	2.508146e-01
4.970744816728783e-03	-3.655647e-02	2.508029e-01
4.980510441728783e-03	-2.443014e-02	2.506940e-01
5.000041691728782e-03	5.239137e-05	2.491978e-01
5.009807316728782e-03	1.231644e-02	2.471943e-01
5.019572941728782e-03	2.453413e-02	2.436396e-01
5.029338566728781e-03	3.665948e-02	2.348423e-01
5.039104191728781e-03	4.864686e-02	1.814075e-01
5.041873347885555e-03	5.201464e-02	1.059008e-01
5.045865633689054e-03	5.684198e-02	-8.703814e-02
5.046453730905222e-03	5.755015e-02	-1.183037e-01
5.047629925337559e-03	5.896410e-02	-1.740797e-01
5.048630146485063e-03	6.016397e-02	-2.022785e-01
5.049721745271591e-03	6.147075e-02	-2.144447e-01
5.051111068727151e-03	6.312976e-02	-2.211919e-01
5.052585107642064e-03	6.488466e-02	-2.254002e-01
5.055533185471888e-03	6.837761e-02	-2.305789e-01
5.060855176968502e-03	7.462303e-02	-2.364562e-01
5.069731700616656e-03	8.485067e-02	-2.426478e-01
5.079497325616656e-03	9.579671e-02	-2.472282e-01
5.089262950616655e-03	1.063822e-01	-2.500312e-01
5.096714081492220e-03	1.141916e-01	-2.507511e-01
5.112354172579226e-03	1.297502e-01	-2.507542e-01
5.131885422579226e-03	1.474054e-01	-2.507422e-01
5.151416672579226e-03	1.628434e-01	-2.507301e-01
5.170947922579225e-03	1.758321e-01	-2.507195e-01
5.190479172579225e-03	1.861761e-01	-2.507111e-01
5.210010422579224e-03	1.937199e-01	-2.507050e-01
5.229541672579224e-03	1.983499e-01	-2.507012e-01
5.249072922579224e-03	1.999966e-01	-2.507002e-01
5.268604172579223e-03	1.986351e-01	-2.507017e-01
5.288135422579223e-03	1.942860e-01	-2.507059e-01
5.307666672579222e-03	1.870147e-01	-2.507126e-01
5.327197922579222e-03	1.769304e-01	-2.507219e-01
5.346729172579221e-03	1.641850e-01	-2.507336e-01
5.366260422579221e-03	1.489701e-01	-2.507471e-01
5.385791672579221e-03	1.315145e-01	-2.507623e-01
5.405322922579220e-03	1.120808e-01	-2.507786e-01
5.424854172579220e-03	9.096134e-02	-2.507947e-01
5.434619797579220e-03	7.986783e-02	-2.508020e-01
5.444385422579219e-03	6.847372e-02	-2.508074e-01
5.454151047579219e-03	5.682189e-02	-2.508110e-01
5.463916672579219e-03	4.495619e-02	-2.507946e-01
5.473682297579219e-03	3.292129e-02	-2.507561e-01
5.483447922579219e-03	2.076248e-02	-2.505746e-01
5.502979172579218e-03	-3.743520e-03	-2.484340e-01
5.512744797579218e-03	-1.599847e-02	-2.458237e-01
5.522510422579218e-03	-2.819321e-02	-2.409187e-01
5.532276047579218e-03	-4.028184e-02	-2.311823e-01
5.536320740383126e-03	-4.524685e-02	-2.194946e-01
5.538575078880469e-03	-4.800165e-02	-1.846886e-01
5.540042414868829e-03	-4.978960e-02	-1.213271e-01
5.541128372704019e-03	-5.111012e-02	-5.369842e-02
5.541604353889128e-03	-5.168817e-02	-2.552671e-02
5.541935772265007e-03	-5.209038e-02	-9.865469e-03
5.542126107489226e-03	-5.232127e-02	-3.920727e-03
5.542367828119861e-03	-5.261439e-02	5.372177e-04
5.542457454769494e-03	-5.272304e-02	2.025349e-03
5.542549494204823e-03	-5.283460e-02	4.025795e-03
5.542656439937461e-03	-5.296421e-02	7.353677e-03
5.542870331402738e-03	-5.322335e-02	1.624655e-02
5.543162278537879e-03	-5.357690e-02	3.078957e-02
5.543464757359761e-03	-5.394302e-02	4.750465e-02
5.544006651864236e-03	-5.459843e-02	7.874538e-02
5.544776012097969e-03	-5.552787e-02	1.214353e-01
5.546159858203954e-03	-5.719637e-02	1.816738e-01
5.547358698916175e-03	-5.863833e-02	2.086248e-01
5.548580812571651e-03	-6.010485e-02	2.181084e-01
5.549914683053118e-03	-6.170142e-02	2.230795e-01
5.552112793938697e-03	-6.432295e-02	2.279637e-01
5.556509015709855e-03	-6.952869e-02	2.341138e-01
5.561880113807456e-03	-7.581643e-02	2.389224e-01
5.571645738807455e-03	-8.702254e-02	2.446003e-01
5.581411363807455e-03	-9.790112e-02	2.483873e-01
5.594839098182455e-03	-1.122494e-01	2.507796e-01
5.609487535682455e-03	-1.269879e-01	2.507672e-01
5.629018785682454e-03	-1.449469e-01	2.507515e-01
5.648550035682454e-03	-1.607257e-01	2.507375e-01
5.668081285682454e-03	-1.740871e-01	2.507256e-01
5.687612535682453e-03	-1.848300e-01	2.507160e-01
5.707143785682453e-03	-1.927929e-01	2.507088e-01
5.726675035682452e-03	-1.978560e-01	2.507043e-01
5.746206285682452e-03	-1.999432e-01	2.507024e-01
5.765737535682451e-03	-1.990230e-01	2.507032e-01
5.785268785682451e-03	-1.951094e-01	2.507067e-01
5.804800035682451e-03	-1.882611e-01	2.507129e-01
5.824331285682450e-03	-1.785812e-01	2.507216e-01
5.843862535682450e-03	-1.662153e-01	2.507326e-01
5.863393785682449e-03	-1.513494e-01	2.507458e-01
5.882925035682449e-03	-1.342070e-01	2.507609e-01
5.902456285682449e-03	-1.150460e-01	2.507771e-01
5.921987535682448e-03	-9.415460e-02	2.507936e-01
5.931753160682448e-03	-8.315732e-02	2.508014e-01
5.941518785682448e-03	-7.184705e-02	2.508082e-01
5.951284410682448e-03	-6.026636e-02	2.508134e-01
5.961050035682447e-03	-4.845884e-02	2.508147e-01
5.970815660682447e-03	-3.646894e-02	2.508035e-01
5.980581285682447e-03	-2.434178e-02	2.506934e-01
6.000112535682446e-03	1.414165e-04	2.491822e-01
6.009878160682446e-03	1.240529e-02	2.471696e-01
6.019643785682446e-03	2.462248e-02	2.435965e-01
6.029409410682446e-03	3.674700e-02	2.346535e-01
6.039175035682446e-03	4.873320e-02	1.789358e-01
6.041941301347173e-03	5.209709e-02	1.035082e-01
6.045346463816806e-03	5.621618e-02	-6.118936e-02
6.047400488226446e-03	5.868853e-02	-1.612944e-01
6.048676907528181e-03	6.022001e-02	-2.002816e-01
6.050299532464450e-03	6.216127e-02	-2.175531e-01
6.051620925892690e-03	6.373738e-02	-2.230525e-01
6.053330391882525e-03	6.576984e-02	-2.271024e-01
6.056749323862193e-03	6.981175e-02	-2.323918e-01
6.061345766973110e-03	7.519464e-02	-2.370571e-01
6.070538653194944e-03	8.576784e-02	-2.430933e-01
6.080304278194944e-03	9.668563e-02	-2.475016e-01
6.090069903194943e-03	1.072395e-01	-2.500991e-01
6.098000867649798e-03	1.155154e-01	-2.507640e-01
6.114074986388699e-03	1.313882e-01	-2.507553e-01
6.133606236388698e-03	1.488582e-01	-2.507423e-01
6.153137486388698e-03	1.640893e-01	-2.507300e-01
6.172668736388697e-03	1.768522e-01	-2.507195e-01
6.192199986388697e-03	1.869552e-01	-2.507111e-01
6.211731236388697e-03	1.942462e-01	-2.507049e-01
6.231262486388696e-03	1.986155e-01	-2.507014e-01
6.250793736388696e-03	1.999975e-01	-2.507005e-01
6.270324986388695e-03	1.983713e-01	-2.507023e-01
6.289856236388695e-03	1.937615e-01	-2.507066e-01
6.309387486388695e-03	1.862373e-01	-2.507136e-01
6.328918736388694e-03	1.759119e-01	-2.507231e-01
6.348449986388694e-03	1.629406e-01	-2.507347e-01
6.367981236388693e-03	1.475185e-01	-2.507485e-01
6.387512486388693e-03	1.298777e-01	-2.507638e-01
6.407043736388692e-03	1.102833e-01	-2.507802e-01
6.426574986388692e-03	8.903021e-02	-2.507961e-01
6.436340611388692e-03	7.788067e-02	-2.508034e-01
6.446106236388692e-03	6.643800e-02	-2.508083e-01
6.455871861388691e-03	5.474528e-02	-2.508113e-01
6.465637486388691e-03	4.284650e-02	-2.507869e-01
6.475403111388691e-03	3.078647e-02	-2.507095e-01
6.485168736388691e-03	1.861055e-02	-2.504442e-01
6.504699986388690e-03	-5.905319e-03	-2.480128e-01
6.514465611388690e-03	-1.815301e-02	-2.451118e-01
6.524231236388690e-03	-3.033237e-02	-2.393254e-01
6.533996861388690e-03	-4.239757e-02	-2.264453e-01
6.537469708359067e-03	-4.665206e-02	-1.999734e-01
6.539452133289389e-03	-4.907084e-02	-1.421643e-01
6.542384569111093e-03	-5.263468e-02	1.956653e-03
6.543571703921858e-03	-5.407241e-02	6.552330e-02
6.544692303807203e-03	-5.542681e-02	1.262999e-01
6.545830962545646e-03	-5.680021e-02	1.780468e-01
6.546938117099853e-03	-5.813283e-02	2.054698e-01
6.548092695708199e-03	-5.951953e-02	2.163233e-01
6.549446056191922e-03	-6.114099e-02	2.220989e-01
6.551225842478777e-03	-6.326660e-02	2.266015e-01
6.554785415052486e-03	-6.749381e-02	2.321614e-01
6.560816483767206e-03	-7.457791e-02	2.380525e-01
6.570582108767205e-03	-8.581717e-02	2.441252e-01
6.580347733767205e-03	-9.673343e-02	2.481111e-01
6.593775468142205e-03	-1.111407e-01	2.507803e-01
6.608423905642205e-03	-1.259525e-01	2.507679e-01
6.627955155642204e-03	-1.440227e-01	2.507524e-01
6.647486405642204e-03	-1.599267e-01	2.507384e-01
6.667017655642204e-03	-1.734252e-01	2.507263e-01
6.686548905642203e-03	-1.843152e-01	2.507165e-01
6.706080155642203e-03	-1.924330e-01	2.507092e-01
6.725611405642202e-03	-1.976564e-01	2.507045e-01
6.745142655642202e-03	-1.999069e-01	2.507024e-01
6.764673905642202e-03	-1.991505e-01	2.507031e-01
6.784205155642201e-03	-1.953988e-01	2.507065e-01
6.803736405642201e-03	-1.887081e-01	2.507125e-01
6.823267655642200e-03	-1.791790e-01	2.507211e-01
6.842798905642200e-03	-1.669549e-01	2.507320e-01
6.862330155642199e-03	-1.522197e-01	2.507451e-01
6.881861405642199e-03	-1.351950e-01	2.507600e-01
6.901392655642199e-03	-1.161367e-01	2.507762e-01
6.920923905642198e-03	-9.533171e-02	2.507928e-01
6.930689530642198e-03	-8.437104e-02	2.508006e-01
6.940455155642198e-03	-7.309281e-02	2.508076e-01
6.950220780642198e-03	-6.153948e-02	2.508129e-01
6.959986405642197e-03	-4.975452e-02	2.508148e-01
6.969752030642197e-03	-3.778230e-02	2.508066e-01
6.979517655642197e-03	-2.566788e-02	2.507120e-01
6.999048905642197e-03	-1.195173e-03	2.493202e-01
7.008814530642196e-03	1.107100e-02	2.474243e-01
7.018580155642196e-03	2.329551e-02	2.440702e-01
7.028345780642196e-03	3.543234e-02	2.365230e-01
7.038111405642196e-03	4.743581e-02	2.207861e-01
7.039332108767195e-03	4.892461e-02	2.075192e-01
7.041124140549524e-03	5.110498e-02	1.459126e-01
7.043367315224883e-03	5.382509e-02	2.194962e-02
7.043734671566670e-03	5.426955e-02	5.018134e-03
7.043929700402734e-03	5.450540e-02	4.906528e-04
7.044015771670469e-03	5.460946e-02	-7.881727e-04
7.044101156895088e-03	5.471267e-02	-2.185961e-03
7.044192885980868e-03	5.482353e-02	-4.228141e-03
7.044296272099954e-03	5.494846e-02	-7.469520e-03
7.044503044338126e-03	5.519825e-02	-1.604172e-02
7.044788736870936e-03	5.554323e-02	-3.016952e-02
7.045083397072885e-03	5.589885e-02	-4.633252e-02
7.045636886097372e-03	5.656633e-02	-7.804912e-02
7.046373245556723e-03	5.745327e-02	-1.185600e-01
7.047845964475426e-03	5.922346e-02	-1.819297e-01
7.049083205421977e-03	6.070669e-02	-2.091950e-01
7.050339202521900e-03	6.220865e-02	-2.185101e-01
7.051695500905222e-03	6.382620e-02	-2.233620e-01
7.054019037971685e-03	6.658646e-02	-2.283216e-01
7.058582381240960e-03	7.196568e-02	-2.344925e-01
7.064039136709934e-03	7.831999e-02	-2.392336e-01
7.073804761709934e-03	8.945728e-02	-2.447851e-01
7.083570386709934e-03	1.002579e-01	-2.484866e-01
7.094556714834934e-03	1.119555e-01	-2.507778e-01
7.096998121084934e-03	1.144845e-01	-2.507776e-01
7.111646558584934e-03	1.290722e-01	-2.507654e-01
7.131177808584933e-03	1.468029e-01	-2.507500e-01
7.150709058584933e-03	1.623255e-01	-2.507363e-01
7.170240308584932e-03	1.754066e-01	-2.507246e-01
7.189771558584932e-03	1.858494e-01	-2.507152e-01
7.209302808584932e-03	1.934969e-01	-2.507083e-01
7.228834058584931e-03	1.982340e-01	-2.507041e-01
7.248365308584931e-03	1.999895e-01	-2.507025e-01
7.267896558584930e-03	1.987369e-01	-2.507036e-01
7.287427808584930e-03	1.944951e-01	-2.507074e-01
7.306959058584929e-03	1.873280e-01	-2.507139e-01
7.326490308584929e-03	1.773433e-01	-2.507228e-01
7.346021558584929e-03	1.646912e-01	-2.507342e-01
7.365552808584928e-03	1.495619e-01	-2.507476e-01
7.385084058584928e-03	1.321831e-01	-2.507627e-01
7.404615308584927e-03	1.128162e-01	-2.507789e-01
7.424146558584927e-03	9.175237e-02	-2.507951e-01
7.433912183584927e-03	8.068228e-02	-2.508025e-01
7.443677808584927e-03	6.930851e-02	-2.508087e-01
7.453443433584926e-03	5.767389e-02	-2.508126e-01
7.463209058584926e-03	4.582220e-02	-2.508108e-01
7.472974683584926e-03	3.379805e-02	-2.507723e-01
7.482740308584926e-03	2.164668e-02	-2.505544e-01
7.502271558584925e-03	-2.854428e-03	-2.484777e-01
7.512037183584925e-03	-1.511195e-02	-2.459407e-01
7.521802808584925e-03	-2.731260e-02	-2.412077e-01
7.531568433584925e-03	-3.941045e-02	-2.318720e-01
7.535876329442557e-03	-4.470269e-02	-2.205471e-01
7.538181500240757e-03	-4.752138e-02	-1.881990e-01
7.539671592327195e-03	-4.933815e-02	-1.270669e-01
7.540975519265425e-03	-5.092440e-02	-4.727469e-02
7.541405698163200e-03	-5.144697e-02	-2.235837e-02
7.541719714726738e-03	-5.182820e-02	-8.337148e-03
7.541901609493858e-03	-5.204893e-02	-3.068571e-03
7.542113223907899e-03	-5.230564e-02	5.883740e-04
7.542200049140868e-03	-5.241095e-02	1.994617e-03
7.542289863001186e-03	-5.251986e-02	3.922284e-03
7.542394834969449e-03	-5.264713e-02	7.137606e-03
7.542604778905974e-03	-5.290160e-02	1.574292e-02
7.542890556364272e-03	-5.324784e-02	2.982315e-02
7.543186231072718e-03	-5.360590e-02	4.603852e-02
7.543723410547539e-03	-5.425593e-02	7.685488e-02
7.544459390939206e-03	-5.514552e-02	1.175060e-01
7.545931351722540e-03	-5.692116e-02	1.814904e-01
7.547152476223801e-03	-5.839052e-02	2.088794e-01
7.548396354554439e-03	-5.988372e-02	2.183005e-01
7.549759950998077e-03	-6.151644e-02	2.232684e-01
7.552004371604117e-03	-6.419393e-02	2.281516e-01
7.556493212816199e-03	-6.951007e-02	2.343140e-01
7.561878089346239e-03	-7.581408e-02	2.390641e-01
7.571643714346239e-03	-8.702025e-02	2.446812e-01
7.581409339346239e-03	-9.789890e-02	2.484308e-01
7.594837073721238e-03	-1.122473e-01	2.507795e-01
7.609485511221238e-03	-1.269860e-01	2.507671e-01
7.629016761221238e-03	-1.449451e-01	2.507515e-01
7.648548011221237e-03	-1.607242e-01	2.507375e-01
7.668079261221237e-03	-1.740858e-01	2.507256e-01
7.687610511221236e-03	-1.848290e-01	2.507160e-01
7.707141761221236e-03	-1.927922e-01	2.507088e-01
7.726673011221236e-03	-1.978556e-01	2.507043e-01
7.746204261221235e-03	-1.999431e-01	2.507024e-01
7.765735511221235e-03	-1.990233e-01	2.507032e-01
7.785266761221234e-03	-1.951099e-01	2.507067e-01
7.804798011221234e-03	-1.882620e-01	2.507129e-01
7.824329261221234e-03	-1.785824e-01	2.507216e-01
7.843860511221233e-03	-1.662167e-01	2.507326e-01
7.863391761221233e-03	-1.513510e-01	2.507458e-01
7.882923011221232e-03	-1.342089e-01	2.507609e-01
7.902454261221232e-03	-1.150481e-01	2.507771e-01
7.921985511221231e-03	-9.415685e-02	2.507936e-01
7.931751136221231e-03	-8.315963e-02	2.508014e-01
7.941516761221231e-03	-7.184942e-02	2.508082e-01
7.951282386221231e-03	-6.026879e-02	2.508134e-01
7.961048011221231e-03	-4.846131e-02	2.508147e-01
7.970813636221230e-03	-3.647144e-02	2.508035e-01
7.980579261221230e-03	-2.434430e-02	2.506934e-01
8.000110511221230e-03	1.388725e-04	2.491828e-01
8.009876136221230e-03	1.240276e-02	2.471704e-01
8.019641761221229e-03	2.461996e-02	2.435980e-01
8.029407386221229e-03	3.674449e-02	2.346599e-01
8.039173011221229e-03	4.873073e-02	1.790183e-01
8.041939362297247e-03	5.209474e-02	1.035634e-01
8.045373078700615e-03	5.624828e-02	-6.256036e-02
8.047421760438728e-03	5.871408e-02	-1.620933e-01
8.048697670483121e-03	6.024489e-02	-2.006959e-01
8.050312662890123e-03	6.217695e-02	-2.175930e-01
8.051682477427042e-03	6.381069e-02	-2.232215e-01
8.053391412601208e-03	6.584225e-02	-2.272336e-01
8.056809282949542e-03	6.988236e-02	-2.324748e-01
8.061383216641869e-03	7.523825e-02	-2.370958e-01
8.070531084026524e-03	8.575924e-02	-2.430917e-01
8.080296709026524e-03	9.667730e-02	-2.474988e-01
8.090062334026524e-03	1.072315e-01	-2.500986e-01
8.097987000143145e-03	1.155012e-01	-2.507640e-01
8.114053733270199e-03	1.313681e-01	-2.507553e-01
8.133584983270199e-03	1.488404e-01	-2.507423e-01
8.153116233270198e-03	1.640740e-01	-2.507300e-01
8.172647483270198e-03	1.768398e-01	-2.507195e-01
8.192178733270198e-03	1.869457e-01	-2.507111e-01
8.211709983270197e-03	1.942398e-01	-2.507049e-01
8.231241233270197e-03	1.986124e-01	-2.507014e-01
8.250772483270196e-03	1.999976e-01	-2.507005e-01
8.270303733270196e-03	1.983747e-01	-2.507022e-01
8.289834983270196e-03	1.937681e-01	-2.507066e-01
8.309366233270195e-03	1.862470e-01	-2.507136e-01
8.328897483270195e-03	1.759246e-01	-2.507231e-01
8.348428733270194e-03	1.629561e-01	-2.507347e-01
8.367959983270194e-03	1.475366e-01	-2.507485e-01
8.387491233270193e-03	1.298980e-01	-2.507638e-01
8.407022483270193e-03	1.103056e-01	-2.507802e-01
8.426553733270193e-03	8.905413e-02	-2.507961e-01
8.436319358270192e-03	7.790527e-02	-2.508033e-01
8.446084983270192e-03	6.646319e-02	-2.508083e-01
8.455850608270192e-03	5.477097e-02	-2.508113e-01
8.465616233270192e-03	4.287259e-02	-2.507870e-01
8.475381858270192e-03	3.081285e-02	-2.507101e-01
8.485147483270191e-03	1.863714e-02	-2.504461e-01
8.504678733270191e-03	-5.878623e-03	-2.480186e-01
8.514444358270191e-03	-1.812641e-02	-2.451216e-01
8.524209983270191e-03	-3.030597e-02	-2.393486e-01
8.533975608270190e-03	-4.237147e-02	-2.265232e-01
8.537456740165402e-03	-4.663621e-02	-2.003227e-01
8.539442301958577e-03	-4.905887e-02	-1.427697e-01
8.542401036170943e-03	-5.265465e-02	2.538031e-03
8.543602704351843e-03	-5.410992e-02	6.708361e-02
8.544743781783213e-03	-5.548896e-02	1.289916e-01
8.545853858367602e-03	-5.682780e-02	1.789145e-01
8.546964094813515e-03	-5.816406e-02	2.058295e-01
8.548118733093817e-03	-5.955077e-02	2.164831e-01
8.549438044991175e-03	-6.113140e-02	2.220692e-01
8.551269627167504e-03	-6.331879e-02	2.266642e-01
8.554932791520163e-03	-6.766812e-02	2.323397e-01
8.560981817336446e-03	-7.477065e-02	2.381908e-01
8.570747442336445e-03	-8.600479e-02	2.442089e-01
8.580513067336445e-03	-9.691522e-02	2.481589e-01
8.593940801711445e-03	-1.113133e-01	2.507802e-01
8.608589239211446e-03	-1.261138e-01	2.507678e-01
8.628120489211445e-03	-1.441668e-01	2.507523e-01
8.647651739211445e-03	-1.600513e-01	2.507382e-01
8.667182989211444e-03	-1.735286e-01	2.507262e-01
8.686714239211444e-03	-1.843958e-01	2.507164e-01
8.706245489211444e-03	-1.924895e-01	2.507091e-01
8.725776739211443e-03	-1.976880e-01	2.507045e-01
8.745307989211443e-03	-1.999131e-01	2.507024e-01
8.764839239211442e-03	-1.991313e-01	2.507032e-01
8.784370489211442e-03	-1.953544e-01	2.507066e-01
8.803901739211441e-03	-1.886392e-01	2.507126e-01
8.823432989211441e-03	-1.790866e-01	2.507212e-01
8.842964239211441e-03	-1.668405e-01	2.507321e-01
8.862495489211440e-03	-1.520849e-01	2.507452e-01
8.882026739211440e-03	-1.350418e-01	2.507601e-01
8.901557989211439e-03	-1.159675e-01	2.507764e-01
8.921089239211439e-03	-9.514902e-02	2.507929e-01
8.930854864211439e-03	-8.418262e-02	2.508007e-01
8.940620489211439e-03	-7.289938e-02	2.508077e-01
8.950386114211438e-03	-6.134176e-02	2.508130e-01
8.960151739211438e-03	-4.955326e-02	2.508148e-01
8.969917364211438e-03	-3.757826e-02	2.508062e-01
8.979682989211438e-03	-2.546182e-02	2.507094e-01
8.999214239211437e-03	-9.874122e-04	2.492995e-01
9.008979864211437e-03	1.127844e-02	2.473857e-01
9.018745489211437e-03	2.350185e-02	2.439990e-01
9.028511114211437e-03	3.563680e-02	2.362781e-01
9.038276739211436e-03	4.763762e-02	2.198482e-01
9.039497442336437e-03	4.912604e-02	2.052804e-01
9.041202917471148e-03	5.120068e-02	1.435192e-01
9.043319879949495e-03	5.376768e-02	2.420001e-02
9.043686862178765e-03	5.421172e-02	6.592917e-03
9.043894394599107e-03	5.446270e-02	1.191089e-03
9.043986925788847e-03	5.457458e-02	-2.508027e-04
9.044061046862700e-03	5.466418e-02	-1.310798e-03
9.044138185307912e-03	5.475742e-02	-2.705622e-03
9.044224544588586e-03	5.486179e-02	-4.919196e-03
9.044397263149937e-03	5.507047e-02	-1.119085e-02
9.044696170478076e-03	5.543148e-02	-2.496543e-02
9.044967571638928e-03	5.575909e-02	-3.934615e-02
9.046042045231109e-03	5.705449e-02	-1.005064e-01
9.047303269796339e-03	5.857173e-02	-1.641443e-01
9.048358878905021e-03	5.983879e-02	-1.978819e-01
9.049579073796579e-03	6.130012e-02	-2.140416e-01
9.050709188989122e-03	6.265036e-02	-2.201462e-01
9.052149460767890e-03	6.436658e-02	-2.245105e-01
9.055030004325426e-03	6.778306e-02	-2.299086e-01
9.060266757132920e-03	7.393648e-02	-2.360079e-01
9.068375568838489e-03	8.330441e-02	-2.419417e-01
9.078141193838488e-03	9.429730e-02	-2.467173e-01
9.087906818838488e-03	1.049353e-01	-2.497250e-01
9.095776918702680e-03	1.132228e-01	-2.507590e-01
9.096810492556871e-03	1.142911e-01	-2.507819e-01
9.098877640265254e-03	1.164131e-01	-2.507760e-01
9.111280526515551e-03	1.287205e-01	-2.507656e-01
9.130811776515551e-03	1.464901e-01	-2.507504e-01
9.150343026515550e-03	1.620564e-01	-2.507366e-01
9.169874276515550e-03	1.751852e-01	-2.507249e-01
9.189405526515549e-03	1.856790e-01	-2.507154e-01
9.208936776515549e-03	1.933800e-01	-2.507085e-01
9.228468026515549e-03	1.981725e-01	-2.507042e-01
9.247999276515548e-03	1.999842e-01	-2.507025e-01
9.267530526515548e-03	1.987880e-01	-2.507036e-01
9.287061776515547e-03	1.946018e-01	-2.507074e-01
9.306593026515547e-03	1.874886e-01	-2.507138e-01
9.326124276515546e-03	1.775555e-01	-2.507227e-01
9.345655526515546e-03	1.649517e-01	-2.507339e-01
9.365186776515546e-03	1.498669e-01	-2.507473e-01
9.384718026515545e-03	1.325280e-01	-2.507624e-01
9.404249276515545e-03	1.131957e-01	-2.507786e-01
9.423780526515544e-03	9.216083e-02	-2.507949e-01
9.433546151515544e-03	8.110294e-02	-2.508023e-01
9.443311776515544e-03	6.973980e-02	-2.508085e-01
9.453077401515544e-03	5.811417e-02	-2.508124e-01
9.462843026515544e-03	4.626982e-02	-2.508111e-01
9.472608651515543e-03	3.425131e-02	-2.507738e-01
9.482374276515543e-03	2.210389e-02	-2.505628e-01
9.501905526515543e-03	-2.394498e-03	-2.485390e-01
9.511671151515542e-03	-1.465326e-02	-2.460514e-01
9.521436776515542e-03	-2.685687e-02	-2.414400e-01
9.531202401515542e-03	-3.895940e-02	-2.323505e-01
9.535762638157738e-03	-4.456342e-02	-2.209598e-01
9.538098408354186e-03	-4.741995e-02	-1.895473e-01
9.539608705488645e-03	-4.926156e-02	-1.288920e-01
9.541030735664454e-03	-5.099149e-02	-4.267845e-02
9.541442488808883e-03	-5.149165e-02	-1.931647e-02
9.541734193991090e-03	-5.184577e-02	-7.056058e-03
9.541914900877533e-03	-5.206506e-02	-2.120084e-03
9.542026563797748e-03	-5.220053e-02	-2.490669e-04
9.542095505099905e-03	-5.228415e-02	6.945140e-04
9.542172042455502e-03	-5.237698e-02	1.883667e-03
9.542243830412533e-03	-5.246404e-02	3.420311e-03
9.542387406326592e-03	-5.263812e-02	7.735832e-03
9.542555164788389e-03	-5.284147e-02	1.453784e-02
9.542890031096350e-03	-5.324721e-02	3.115097e-02
9.543200559765345e-03	-5.362324e-02	4.817409e-02
9.543700434071172e-03	-5.422814e-02	7.684886e-02
9.544558428050061e-03	-5.526514e-02	1.238796e-01
9.545978413908272e-03	-5.697785e-02	1.834847e-01
9.547250514109195e-03	-5.850834e-02	2.100490e-01
9.548534271172098e-03	-6.004906e-02	2.190601e-01
9.549849814054477e-03	-6.162388e-02	2.235949e-01
9.552363386375055e-03	-6.462104e-02	2.287776e-01
9.557015327844889e-03	-7.012490e-02	2.348851e-01
9.562686808984578e-03	-7.675351e-02	2.396591e-01
9.572452433984578e-03	-8.793415e-02	2.450787e-01
9.582218058984578e-03	-9.878382e-02	2.486605e-01
9.595645793359578e-03	-1.130869e-01	2.507789e-01
9.610294230859578e-03	-1.277695e-01	2.507664e-01
9.629825480859578e-03	-1.456435e-01	2.507508e-01
9.649356730859577e-03	-1.613269e-01	2.507370e-01
9.668887980859577e-03	-1.745839e-01	2.507252e-01
9.688419230859576e-03	-1.852149e-01	2.507156e-01
9.707950480859576e-03	-1.930601e-01	2.507086e-01
9.727481730859576e-03	-1.980015e-01	2.507041e-01
9.747012980859575e-03	-1.999648e-01	2.507024e-01
9.766544230859575e-03	-1.989204e-01	2.507033e-01
9.786075480859574e-03	-1.948841e-01	2.507069e-01
9.805606730859574e-03	-1.879165e-01	2.507132e-01
9.825137980859574e-03	-1.781225e-01	2.507220e-01
9.844669230859573e-03	-1.656494e-01	2.507331e-01
9.864200480859573e-03	-1.506847e-01	2.507464e-01
9.883731730859572e-03	-1.334537e-01	2.507615e-01
9.903262980859572e-03	-1.142153e-01	2.507778e-01
9.922794230859571e-03	-9.325904e-02	2.507943e-01
9.932559855859571e-03	-8.223432e-02	2.508020e-01
9.942325480859571e-03	-7.090008e-02	2.508087e-01
9.952091105859571e-03	-5.929899e-02	2.508137e-01
9.961856730859571e-03	-4.747471e-02	2.508145e-01
9.971622355859570e-03	-3.547175e-02	2.508000e-01
9.981387980859570e-03	-2.333528e-02	2.506755e-01
9.991153605859570e-03	-1.111098e-02	2.502134e-01
1.000000000000000e-02	-4.898587e-16	2.494246e-01
