time	V(vin)	V(vo)
0.000000000000000e+00	-2.000000e-01	2.011906e+00
1.464843801812776e-10	-1.994141e-01	2.011972e+00
5.859375207251105e-10	-1.976562e-01	2.012167e+00
4.687500165800884e-09	-1.812500e-01	2.014031e+00
9.375000331601768e-09	-1.625000e-01	2.016255e+00
1.875000066320354e-08	-1.250000e-01	2.020952e+00
3.210908312734510e-08	-7.156367e-02	2.028141e+00
5.202175102125687e-08	8.087005e-03	2.039401e+00
7.572597446256649e-08	1.029039e-01	2.052305e+00
1.000000000000000e-07	2.000000e-01	2.064247e+00
1.056408639090184e-07	2.000000e-01	2.063643e+00
1.282043195450919e-07	2.000000e-01	2.060689e+00
1.582889270598566e-07	2.000000e-01	2.055936e+00
2.617621083294592e-07	2.000000e-01	2.038182e+00
3.295990070558595e-07	2.000000e-01	2.027999e+00
3.957409072717215e-07	2.000000e-01	2.020382e+00
4.724469877961697e-07	2.000000e-01	2.014510e+00
5.416818387766753e-07	2.000000e-01	2.011312e+00
5.815667663677880e-07	2.000000e-01	2.010283e+00
6.175810005965855e-07	2.000000e-01	2.009774e+00
6.571995041815286e-07	2.000000e-01	2.009452e+00
6.953828175088149e-07	2.000000e-01	2.009280e+00
7.227273978141613e-07	2.000000e-01	2.009215e+00
7.477383221135171e-07	2.000000e-01	2.009194e+00
7.727492464128728e-07	2.000000e-01	2.009172e+00
7.977601707122286e-07	2.000000e-01	2.009148e+00
8.227710950115843e-07	2.000000e-01	2.009123e+00
8.477820193109400e-07	2.000000e-01	2.009096e+00
8.727929436102958e-07	2.000000e-01	2.009068e+00
8.978038679096514e-07	2.000000e-01	2.009037e+00
9.422311084199747e-07	2.000000e-01	2.008948e+00
1.004748598803444e-06	2.000000e-01	2.008780e+00
1.090775994565630e-06	2.000000e-01	2.008492e+00
1.252058688207593e-06	2.000000e-01	2.007874e+00
4.792797558863080e-06	2.000000e-01	1.993775e+00
8.333536429518567e-06	2.000000e-01	1.979732e+00
1.187427530017405e-05	2.000000e-01	1.965745e+00
1.541501417082954e-05	2.000000e-01	1.951815e+00
1.895575304148502e-05	2.000000e-01	1.937942e+00
2.249649191214051e-05	2.000000e-01	1.924124e+00
2.603723078279599e-05	2.000000e-01	1.910363e+00
8.672361471136748e-05	2.000000e-01	1.682990e+00
1.474099986399390e-04	2.000000e-01	1.467241e+00
2.080963825685105e-04	2.000000e-01	1.263116e+00
2.687827664970819e-04	2.000000e-01	1.070614e+00
3.294691504256534e-04	2.000000e-01	8.897362e-01
3.901555343542249e-04	2.000000e-01	7.204820e-01
4.508419182827963e-04	2.000000e-01	5.628515e-01
5.001000000000000e-04	2.000000e-01	4.403057e-01
5.001003084208906e-04	1.987663e-01	4.401666e-01
5.001009252626719e-04	1.962989e-01	4.398883e-01
5.001046263133598e-04	1.814947e-01	4.381848e-01
5.001095610476104e-04	1.617558e-01	4.358163e-01
5.001194305161114e-04	1.222779e-01	4.308026e-01
5.001333456693492e-04	6.661732e-02	4.232143e-01
5.001536672311409e-04	-1.466892e-02	4.116409e-01
5.001771504399352e-04	-1.086018e-01	3.988703e-01
5.002000000000000e-04	-2.000000e-01	3.877078e-01
5.002057285973825e-04	-2.000000e-01	3.883128e-01
5.002286429869125e-04	-2.000000e-01	3.912885e-01
5.002591955062859e-04	-2.000000e-01	3.960850e-01
5.003624225548307e-04	-2.000000e-01	4.136434e-01
5.004296755646690e-04	-2.000000e-01	4.235935e-01
5.004954483748560e-04	-2.000000e-01	4.310753e-01
5.005638164935142e-04	-2.000000e-01	4.363535e-01
5.006193644961506e-04	-2.000000e-01	4.390611e-01
5.006515025637694e-04	-2.000000e-01	4.400029e-01
5.006862425070591e-04	-2.000000e-01	4.406012e-01
5.007285171168747e-04	-2.000000e-01	4.410146e-01
5.007696698064568e-04	-2.000000e-01	4.412026e-01
5.008016645649790e-04	-2.000000e-01	4.412433e-01
5.008588323414811e-04	-2.000000e-01	4.411897e-01
5.009729946108465e-04	-2.000000e-01	4.410169e-01
5.010585646887190e-04	-2.000000e-01	4.409741e-01
5.011066409901594e-04	-2.000000e-01	4.409910e-01
5.011728275142782e-04	-2.000000e-01	4.410513e-01
5.012913358008036e-04	-2.000000e-01	4.412097e-01
5.031567245589757e-04	-2.000000e-01	4.441417e-01
5.050221133171479e-04	-2.000000e-01	4.470645e-01
5.068875020753200e-04	-2.000000e-01	4.499782e-01
5.087528908334923e-04	-2.000000e-01	4.528826e-01
5.106182795916644e-04	-2.000000e-01	4.557779e-01
5.124836683498366e-04	-2.000000e-01	4.586640e-01
5.143490571080087e-04	-2.000000e-01	4.615410e-01
5.837277632354360e-04	-2.000000e-01	5.642241e-01
6.531064693628634e-04	-2.000000e-01	6.610481e-01
7.224851754902908e-04	-2.000000e-01	7.520130e-01
7.918638816177181e-04	-2.000000e-01	8.371187e-01
8.612425877451454e-04	-2.000000e-01	9.163653e-01
9.306212938725728e-04	-2.000000e-01	9.897528e-01
1.000000000000000e-03	-2.000000e-01	1.057281e+00
1.000000520582059e-03	-1.979177e-01	1.057514e+00
1.000001561746178e-03	-1.937530e-01	1.057982e+00
1.000006999062399e-03	-1.720037e-01	1.060496e+00
1.000013709038368e-03	-1.451638e-01	1.063776e+00
1.000025512025259e-03	-9.795190e-02	1.069939e+00
1.000042667386619e-03	-2.933045e-02	1.079510e+00
1.000064556993345e-03	5.822797e-02	1.092101e+00
1.000073527219378e-03	9.410888e-02	1.097108e+00
1.000084686932810e-03	1.387477e-01	1.102918e+00
1.000100000000000e-03	2.000000e-01	1.109705e+00
1.000102101907902e-03	2.000000e-01	1.109489e+00
1.000121719714986e-03	2.000000e-01	1.107082e+00
1.000144140065940e-03	2.000000e-01	1.103712e+00
1.000188980767847e-03	2.000000e-01	1.096173e+00
1.000239024572486e-03	2.000000e-01	1.087505e+00
1.000300944422432e-03	2.000000e-01	1.077585e+00
1.000366319384800e-03	2.000000e-01	1.069110e+00
1.000441086640604e-03	2.000000e-01	1.062273e+00
1.000511082976330e-03	2.000000e-01	1.058250e+00
1.000559908514829e-03	2.000000e-01	1.056638e+00
1.000596528214626e-03	2.000000e-01	1.055967e+00
1.000632506822191e-03	2.000000e-01	1.055600e+00
1.000674606167661e-03	2.000000e-01	1.055374e+00
1.000706665419414e-03	2.000000e-01	1.055294e+00
1.000755902994420e-03	2.000000e-01	1.055272e+00
1.000804677956663e-03	2.000000e-01	1.055294e+00
1.000853452918906e-03	2.000000e-01	1.055290e+00
1.000902227881149e-03	2.000000e-01	1.055261e+00
1.000951002843392e-03	2.000000e-01	1.055207e+00
1.000999777805635e-03	2.000000e-01	1.055127e+00
1.001048552767878e-03	2.000000e-01	1.055022e+00
1.001097327730122e-03	2.000000e-01	1.054892e+00
1.001340025649413e-03	2.000000e-01	1.054172e+00
1.049597853773144e-03	2.000000e-01	9.118641e-01
1.097855681896874e-03	2.000000e-01	7.755245e-01
1.146113510020605e-03	2.000000e-01	6.451532e-01
1.194371338144335e-03	2.000000e-01	5.207501e-01
1.242629166268065e-03	2.000000e-01	4.023153e-01
1.290886994391795e-03	2.000000e-01	2.898489e-01
1.339144822515526e-03	2.000000e-01	1.833507e-01
1.368441697515526e-03	2.000000e-01	1.207577e-01
1.397738572515525e-03	2.000000e-01	5.996925e-02
1.412387010015525e-03	2.000000e-01	3.023536e-02
1.427035447515525e-03	2.000000e-01	9.331959e-04
1.441683885015525e-03	2.000000e-01	-2.794351e-02
1.456332322515525e-03	2.000000e-01	-5.640093e-02
1.462584847870450e-03	2.000000e-01	-6.844657e-02
1.468837373225375e-03	2.000000e-01	-8.041450e-02
1.475089898580300e-03	2.000000e-01	-9.230472e-02
1.481342423935225e-03	2.000000e-01	-1.041172e-01
1.487594949290150e-03	2.000000e-01	-1.158520e-01
1.493847474645075e-03	2.000000e-01	-1.275091e-01
1.500100000000000e-03	2.000000e-01	-1.390885e-01
1.500100316873073e-03	1.987325e-01	-1.392311e-01
1.500100950619218e-03	1.961975e-01	-1.395167e-01
1.500104753096090e-03	1.809876e-01	-1.412657e-01
1.500109823065252e-03	1.607077e-01	-1.437002e-01
1.500119963003576e-03	1.201480e-01	-1.488596e-01
1.500134162910289e-03	6.334836e-02	-1.566167e-01
1.500154676144939e-03	-1.870458e-02	-1.683161e-01
1.500176117949484e-03	-1.044718e-01	-1.799630e-01
1.500200000000000e-03	-2.000000e-01	-1.916299e-01
1.500205730124046e-03	-2.000000e-01	-1.910220e-01
1.500228650620228e-03	-2.000000e-01	-1.880352e-01
1.500259211281805e-03	-2.000000e-01	-1.832248e-01
1.500362572925966e-03	-2.000000e-01	-1.656028e-01
1.500429957771703e-03	-2.000000e-01	-1.556062e-01
1.500495858701425e-03	-2.000000e-01	-1.480833e-01
1.500564435511289e-03	-2.000000e-01	-1.427663e-01
1.500620812672141e-03	-2.000000e-01	-1.399966e-01
1.500651925324031e-03	-2.000000e-01	-1.390671e-01
1.500684666542820e-03	-2.000000e-01	-1.384790e-01
1.500725872770227e-03	-2.000000e-01	-1.380410e-01
1.500767928622607e-03	-2.000000e-01	-1.378137e-01
1.500800464026020e-03	-2.000000e-01	-1.377472e-01
1.500852208047402e-03	-2.000000e-01	-1.377594e-01
1.500953025064887e-03	-2.000000e-01	-1.378611e-01
1.501027675405373e-03	-2.000000e-01	-1.378794e-01
1.501073011910751e-03	-2.000000e-01	-1.378542e-01
1.501126500554245e-03	-2.000000e-01	-1.377940e-01
1.501211753808170e-03	-2.000000e-01	-1.376536e-01
1.501427786599571e-03	-2.000000e-01	-1.372012e-01
1.503312633827099e-03	-2.000000e-01	-1.331530e-01
1.505197481054626e-03	-2.000000e-01	-1.291162e-01
1.507082328282154e-03	-2.000000e-01	-1.250911e-01
1.508967175509681e-03	-2.000000e-01	-1.210775e-01
1.510852022737209e-03	-2.000000e-01	-1.170754e-01
1.512736869964736e-03	-2.000000e-01	-1.130850e-01
1.514621717192264e-03	-2.000000e-01	-1.091061e-01
1.542000173348477e-03	-2.000000e-01	-5.197892e-02
1.556648610848477e-03	-2.000000e-01	-2.201205e-02
1.571297048348477e-03	-2.000000e-01	7.519704e-03
1.585945485848477e-03	-2.000000e-01	3.662267e-02
1.600593923348477e-03	-2.000000e-01	6.530307e-02
1.629890798348477e-03	-2.000000e-01	1.214206e-01
1.659187673348476e-03	-2.000000e-01	1.759204e-01
1.703132985848476e-03	-2.000000e-01	2.547384e-01
1.745542559298694e-03	-2.000000e-01	3.272851e-01
1.787952132748912e-03	-2.000000e-01	3.971171e-01
1.830361706199129e-03	-2.000000e-01	4.642344e-01
1.872771279649347e-03	-2.000000e-01	5.286371e-01
1.915180853099565e-03	-2.000000e-01	5.903251e-01
1.957590426549782e-03	-2.000000e-01	6.492985e-01
2.000000000000000e-03	-2.000000e-01	7.055572e-01
2.000000530640699e-03	-1.978774e-01	7.057946e-01
2.000001591922099e-03	-1.936323e-01	7.062719e-01
2.000003714484896e-03	-1.851421e-01	7.072396e-01
2.000007346679541e-03	-1.706133e-01	7.089419e-01
2.000014611068830e-03	-1.415557e-01	7.125127e-01
2.000026816781126e-03	-9.273288e-02	7.189339e-01
2.000044624283734e-03	-2.150287e-02	7.289193e-01
2.000066717507693e-03	6.687003e-02	7.416458e-01
2.000073134211706e-03	9.253684e-02	7.451863e-01
2.000085967619730e-03	1.438705e-01	7.516080e-01
2.000100000000000e-03	2.000000e-01	7.580171e-01
2.000104209714081e-03	2.000000e-01	7.575758e-01
2.000121048570404e-03	2.000000e-01	7.554899e-01
2.000143500378835e-03	2.000000e-01	7.521376e-01
2.000188403995698e-03	2.000000e-01	7.446145e-01
2.000238087130595e-03	2.000000e-01	7.360202e-01
2.000299853231632e-03	2.000000e-01	7.261162e-01
2.000364927086082e-03	2.000000e-01	7.176571e-01
2.000439622207076e-03	2.000000e-01	7.107963e-01
2.000509477998014e-03	2.000000e-01	7.067604e-01
2.000558409665042e-03	2.000000e-01	7.051375e-01
2.000594593869839e-03	2.000000e-01	7.044722e-01
2.000629746571049e-03	2.000000e-01	7.041106e-01
2.000666474567328e-03	2.000000e-01	7.039094e-01
2.000699276156121e-03	2.000000e-01	7.038276e-01
2.000725652246848e-03	2.000000e-01	7.038079e-01
2.000751896977880e-03	2.000000e-01	7.038230e-01
2.000778141708912e-03	2.000000e-01	7.038353e-01
2.000804386439944e-03	2.000000e-01	7.038449e-01
2.000830631170976e-03	2.000000e-01	7.038517e-01
2.000856875902009e-03	2.000000e-01	7.038559e-01
2.000883120633041e-03	2.000000e-01	7.038573e-01
2.000909365364073e-03	2.000000e-01	7.038559e-01
2.000952281365889e-03	2.000000e-01	7.038205e-01
2.001000718653699e-03	2.000000e-01	7.037519e-01
2.001079337413006e-03	2.000000e-01	7.035924e-01
2.001221759144554e-03	2.000000e-01	7.032384e-01
2.005234393369726e-03	2.000000e-01	6.924792e-01
2.009247027594899e-03	2.000000e-01	6.817679e-01
2.013259661820071e-03	2.000000e-01	6.711046e-01
2.017272296045244e-03	2.000000e-01	6.604892e-01
2.021284930270416e-03	2.000000e-01	6.499218e-01
2.025297564495588e-03	2.000000e-01	6.394024e-01
2.029310198720760e-03	2.000000e-01	6.289309e-01
2.064884975506475e-03	2.000000e-01	5.378794e-01
2.100459752292189e-03	2.000000e-01	4.497469e-01
2.136034529077904e-03	2.000000e-01	3.645335e-01
2.171609305863618e-03	2.000000e-01	2.822391e-01
2.207184082649333e-03	2.000000e-01	2.028638e-01
2.242758859435048e-03	2.000000e-01	1.264075e-01
2.278333636220762e-03	2.000000e-01	5.287023e-02
2.292982073720762e-03	2.000000e-01	2.323941e-02
2.307630511220763e-03	2.000000e-01	-5.961168e-03
2.322278948720763e-03	2.000000e-01	-3.473777e-02
2.336927386220763e-03	2.000000e-01	-6.309655e-02
2.366224261220763e-03	2.000000e-01	-1.185848e-01
2.395521136220763e-03	2.000000e-01	-1.724734e-01
2.439466448720764e-03	2.000000e-01	-2.504075e-01
2.500100000000000e-03	2.000000e-01	-3.525614e-01
2.500100319987980e-03	1.987201e-01	-3.527054e-01
2.500100959963939e-03	1.961601e-01	-3.529937e-01
2.500104799819697e-03	1.808007e-01	-3.547594e-01
2.500109919627375e-03	1.603215e-01	-3.572182e-01
2.500120159242730e-03	1.193630e-01	-3.624314e-01
2.500134461416612e-03	6.215433e-02	-3.702491e-01
2.500155041896974e-03	-2.016759e-02	-3.819892e-01
2.500175977536115e-03	-1.039101e-01	-3.933525e-01
2.500200000000000e-03	-2.000000e-01	-4.050816e-01
2.500205729720555e-03	-2.000000e-01	-4.044726e-01
2.500228648602773e-03	-2.000000e-01	-4.014820e-01
2.500259207112397e-03	-2.000000e-01	-3.966672e-01
2.500362623052736e-03	-2.000000e-01	-3.790207e-01
2.500430063735750e-03	-2.000000e-01	-3.690061e-01
2.500496008106490e-03	-2.000000e-01	-3.614687e-01
2.500564659041262e-03	-2.000000e-01	-3.561377e-01
2.500621332752060e-03	-2.000000e-01	-3.533454e-01
2.500652056048764e-03	-2.000000e-01	-3.524207e-01
2.500683972771876e-03	-2.000000e-01	-3.518384e-01
2.500724775994566e-03	-2.000000e-01	-3.513960e-01
2.500771433425734e-03	-2.000000e-01	-3.511370e-01
2.500803884622651e-03	-2.000000e-01	-3.510668e-01
2.500853665938505e-03	-2.000000e-01	-3.510722e-01
2.500950351885255e-03	-2.000000e-01	-3.511510e-01
2.501023532424014e-03	-2.000000e-01	-3.511563e-01
2.501067731526310e-03	-2.000000e-01	-3.511251e-01
2.501120659322937e-03	-2.000000e-01	-3.510570e-01
2.501205616424384e-03	-2.000000e-01	-3.509016e-01
2.501435244531022e-03	-2.000000e-01	-3.503735e-01
2.505319788577998e-03	-2.000000e-01	-3.412302e-01
2.509204332624975e-03	-2.000000e-01	-3.321264e-01
2.513088876671951e-03	-2.000000e-01	-3.230622e-01
2.516973420718928e-03	-2.000000e-01	-3.140375e-01
2.520857964765905e-03	-2.000000e-01	-3.050524e-01
2.524742508812881e-03	-2.000000e-01	-2.961068e-01
2.528627052859858e-03	-2.000000e-01	-2.872007e-01
2.572572365359858e-03	-2.000000e-01	-1.885116e-01
2.601869240359858e-03	-2.000000e-01	-1.250770e-01
2.631166115359859e-03	-2.000000e-01	-6.347103e-02
2.645814552859859e-03	-2.000000e-01	-3.333731e-02
2.660462990359859e-03	-2.000000e-01	-3.641109e-03
2.675111427859859e-03	-2.000000e-01	2.562391e-02
2.689759865359859e-03	-2.000000e-01	5.446401e-02
2.719056740359859e-03	-2.000000e-01	1.108941e-01
2.748353615359860e-03	-2.000000e-01	1.656973e-01
2.792298927859860e-03	-2.000000e-01	2.449542e-01
2.821970509594166e-03	-2.000000e-01	2.964157e-01
2.851642091328471e-03	-2.000000e-01	3.464859e-01
2.881313673062777e-03	-2.000000e-01	3.951648e-01
2.910985254797083e-03	-2.000000e-01	4.424524e-01
2.940656836531389e-03	-2.000000e-01	4.883488e-01
2.970328418265695e-03	-2.000000e-01	5.328538e-01
3.000000000000000e-03	-2.000000e-01	5.759675e-01
3.000000338087563e-03	-1.986476e-01	5.761188e-01
3.000001014262688e-03	-1.959430e-01	5.764219e-01
3.000005071313439e-03	-1.797147e-01	5.782809e-01
3.000010480714440e-03	-1.580771e-01	5.808756e-01
3.000021299516441e-03	-1.148019e-01	5.863904e-01
3.000036214185577e-03	-5.514326e-02	5.945587e-01
3.000057262684221e-03	2.905074e-02	6.065837e-01
3.000075356279416e-03	1.014251e-01	6.163915e-01
3.000100000000000e-03	2.000000e-01	6.284449e-01
3.000105651227728e-03	2.000000e-01	6.278453e-01
3.000128256138641e-03	2.000000e-01	6.249054e-01
3.000158396019859e-03	2.000000e-01	6.201693e-01
3.000261639084723e-03	2.000000e-01	6.025541e-01
3.000329192403251e-03	2.000000e-01	5.924915e-01
3.000395074177179e-03	2.000000e-01	5.849854e-01
3.000471190277197e-03	2.000000e-01	5.792513e-01
3.000539925089761e-03	2.000000e-01	5.761515e-01
3.000577987710945e-03	2.000000e-01	5.752055e-01
3.000611387654416e-03	2.000000e-01	5.747585e-01
3.000647093098612e-03	2.000000e-01	5.744943e-01
3.000686676544804e-03	2.000000e-01	5.743518e-01
3.000715986719484e-03	2.000000e-01	5.743139e-01
3.000794939746116e-03	2.000000e-01	5.743508e-01
3.000895027642369e-03	2.000000e-01	5.743887e-01
3.000980724654662e-03	2.000000e-01	5.743213e-01
3.001043111689312e-03	2.000000e-01	5.742177e-01
3.001145886937714e-03	2.000000e-01	5.739956e-01
3.034752098241394e-03	2.000000e-01	4.897285e-01
3.068358309545074e-03	2.000000e-01	4.080174e-01
3.101964520848753e-03	2.000000e-01	3.288623e-01
3.135570732152434e-03	2.000000e-01	2.522632e-01
3.169176943456113e-03	2.000000e-01	1.782200e-01
3.202783154759793e-03	2.000000e-01	1.067329e-01
3.236389366063473e-03	2.000000e-01	3.780182e-02
3.251037803563473e-03	2.000000e-01	8.389793e-03
3.265686241063473e-03	2.000000e-01	-2.059518e-02
3.280334678563473e-03	2.000000e-01	-4.915930e-02
3.294983116063473e-03	2.000000e-01	-7.730868e-02
3.324279991063473e-03	2.000000e-01	-1.323872e-01
3.368225303563474e-03	2.000000e-01	-2.120422e-01
3.412170616063474e-03	2.000000e-01	-2.882776e-01
3.424731956625835e-03	2.000000e-01	-3.094560e-01
3.437293297188196e-03	2.000000e-01	-3.303814e-01
3.449854637750556e-03	2.000000e-01	-3.510539e-01
3.462415978312918e-03	2.000000e-01	-3.714733e-01
3.474977318875278e-03	2.000000e-01	-3.916398e-01
3.487538659437639e-03	2.000000e-01	-4.115533e-01
3.500100000000000e-03	2.000000e-01	-4.312139e-01
3.500100309178337e-03	1.987633e-01	-4.313530e-01
3.500100927535011e-03	1.962899e-01	-4.316314e-01
3.500104637675054e-03	1.814493e-01	-4.333354e-01
3.500109584528445e-03	1.616619e-01	-4.357051e-01
3.500119478235226e-03	1.220871e-01	-4.407221e-01
3.500133378138484e-03	6.648745e-02	-4.482895e-01
3.500153653145738e-03	-1.461258e-02	-4.598161e-01
3.500177374360157e-03	-1.094974e-01	-4.726951e-01
3.500200000000000e-03	-2.000000e-01	-4.837272e-01
3.500205722360163e-03	-2.000000e-01	-4.831190e-01
3.500228611800814e-03	-2.000000e-01	-4.801325e-01
3.500259131055016e-03	-2.000000e-01	-4.753239e-01
3.500362532904275e-03	-2.000000e-01	-4.576744e-01
3.500429988240319e-03	-2.000000e-01	-4.476497e-01
3.500495921615284e-03	-2.000000e-01	-4.401043e-01
3.500564586827020e-03	-2.000000e-01	-4.347643e-01
3.500621525218147e-03	-2.000000e-01	-4.319533e-01
3.500652114220320e-03	-2.000000e-01	-4.310295e-01
3.500683724447576e-03	-2.000000e-01	-4.304492e-01
3.500724364985095e-03	-2.000000e-01	-4.300031e-01
3.500770795426025e-03	-2.000000e-01	-4.297391e-01
3.500803362500279e-03	-2.000000e-01	-4.296648e-01
3.500853428952054e-03	-2.000000e-01	-4.296653e-01
3.500902761621107e-03	-2.000000e-01	-4.297152e-01
3.500952094290160e-03	-2.000000e-01	-4.297398e-01
3.501001426959213e-03	-2.000000e-01	-4.297389e-01
3.501050759628266e-03	-2.000000e-01	-4.297126e-01
3.501100092297318e-03	-2.000000e-01	-4.296610e-01
3.501149424966371e-03	-2.000000e-01	-4.295839e-01
3.501198757635424e-03	-2.000000e-01	-4.294814e-01
3.501314327905858e-03	-2.000000e-01	-4.292190e-01
3.502361072076716e-03	-2.000000e-01	-4.266594e-01
3.503407816247573e-03	-2.000000e-01	-4.241056e-01
3.504454560418431e-03	-2.000000e-01	-4.215577e-01
3.505501304589288e-03	-2.000000e-01	-4.190155e-01
3.506548048760145e-03	-2.000000e-01	-4.164791e-01
3.507594792931003e-03	-2.000000e-01	-4.139486e-01
3.508641537101860e-03	-2.000000e-01	-4.114238e-01
3.534547796387772e-03	-2.000000e-01	-3.496892e-01
3.560454055673685e-03	-2.000000e-01	-2.894254e-01
3.586360314959597e-03	-2.000000e-01	-2.306323e-01
3.612266574245509e-03	-2.000000e-01	-1.733100e-01
3.638172833531421e-03	-2.000000e-01	-1.174584e-01
3.664079092817333e-03	-2.000000e-01	-6.307756e-02
3.689985352103246e-03	-2.000000e-01	-1.016749e-02
3.704633789603246e-03	-2.000000e-01	1.919229e-02
3.719282227103246e-03	-2.000000e-01	4.812578e-02
3.733930664603246e-03	-2.000000e-01	7.663916e-02
3.763227539603246e-03	-2.000000e-01	1.324299e-01
3.807172852103247e-03	-2.000000e-01	2.131149e-01
3.851118164603247e-03	-2.000000e-01	2.903362e-01
3.872386998231355e-03	-2.000000e-01	3.264611e-01
3.893655831859462e-03	-2.000000e-01	3.618722e-01
3.914924665487570e-03	-2.000000e-01	3.965695e-01
3.936193499115678e-03	-2.000000e-01	4.305531e-01
3.957462332743785e-03	-2.000000e-01	4.638229e-01
3.978731166371893e-03	-2.000000e-01	4.963789e-01
4.000000000000000e-03	-2.000000e-01	5.282212e-01
4.000000336497675e-03	-1.986540e-01	5.283717e-01
4.000001009493026e-03	-1.959620e-01	5.286734e-01
4.000005047465131e-03	-1.798101e-01	5.305237e-01
4.000010431427937e-03	-1.582743e-01	5.331056e-01
4.000021199353549e-03	-1.152026e-01	5.385919e-01
4.000036038940820e-03	-5.584424e-02	5.467156e-01
4.000057058214377e-03	2.823286e-02	5.587213e-01
4.000075409458233e-03	1.016378e-01	5.686722e-01
4.000100000000000e-03	2.000000e-01	5.807033e-01
4.000105651253930e-03	2.000000e-01	5.801039e-01
4.000128256269651e-03	2.000000e-01	5.771648e-01
4.000158396290612e-03	2.000000e-01	5.724297e-01
4.000261629092750e-03	2.000000e-01	5.548195e-01
4.000329171778644e-03	2.000000e-01	5.447608e-01
4.000395043634792e-03	2.000000e-01	5.372581e-01
4.000471140766799e-03	2.000000e-01	5.315281e-01
4.000539858525960e-03	2.000000e-01	5.284314e-01
4.000577858543448e-03	2.000000e-01	5.274879e-01
4.000611168729106e-03	2.000000e-01	5.270428e-01
4.000646737923845e-03	2.000000e-01	5.267802e-01
4.000686211375547e-03	2.000000e-01	5.266390e-01
4.000715604528719e-03	2.000000e-01	5.266019e-01
4.000795453368127e-03	2.000000e-01	5.266428e-01
4.000896363554160e-03	2.000000e-01	5.266848e-01
4.000982433460389e-03	2.000000e-01	5.266196e-01
4.001045053217784e-03	2.000000e-01	5.265176e-01
4.001148998608810e-03	2.000000e-01	5.262966e-01
4.032627561554536e-03	2.000000e-01	4.487314e-01
4.064106124500263e-03	2.000000e-01	3.733819e-01
4.095584687445989e-03	2.000000e-01	3.002480e-01
4.127063250391716e-03	2.000000e-01	2.293298e-01
4.158541813337443e-03	2.000000e-01	1.606272e-01
4.190020376283170e-03	2.000000e-01	9.414026e-02
4.221498939228896e-03	2.000000e-01	2.986897e-02
4.236147376728895e-03	2.000000e-01	5.721318e-04
4.250795814228895e-03	2.000000e-01	-2.829933e-02
4.265444251728895e-03	2.000000e-01	-5.675159e-02
4.294741126728894e-03	2.000000e-01	-1.124228e-01
4.324038001728894e-03	2.000000e-01	-1.664890e-01
4.367983314228893e-03	2.000000e-01	-2.446800e-01
4.386857126481908e-03	2.000000e-01	-2.771859e-01
4.405730938734923e-03	2.000000e-01	-3.091189e-01
4.424604750987939e-03	2.000000e-01	-3.404792e-01
4.443478563240954e-03	2.000000e-01	-3.712668e-01
4.462352375493969e-03	2.000000e-01	-4.014815e-01
4.481226187746984e-03	2.000000e-01	-4.311235e-01
4.500100000000000e-03	2.000000e-01	-4.601927e-01
4.500100120870502e-03	1.995165e-01	-4.602473e-01
4.500100362611506e-03	1.985496e-01	-4.603559e-01
4.500103746985558e-03	1.850121e-01	-4.618987e-01
4.500107614841617e-03	1.695406e-01	-4.637254e-01
4.500115350553734e-03	1.385978e-01	-4.675611e-01
4.500127714210995e-03	8.914316e-02	-4.741268e-01
4.500146051310457e-03	1.579476e-02	-4.844702e-01
4.500172947274080e-03	-9.178910e-02	-4.998661e-01
4.500182567110759e-03	-1.302684e-01	-5.046881e-01
4.500200000000001e-03	-2.000000e-01	-5.126976e-01
4.500205229866773e-03	-2.000000e-01	-5.121424e-01
4.500226149333863e-03	-2.000000e-01	-5.094500e-01
4.500254041956649e-03	-2.000000e-01	-5.051109e-01
4.500356624324312e-03	-2.000000e-01	-4.876008e-01
4.500425019891654e-03	-2.000000e-01	-4.772572e-01
4.500489037970379e-03	-2.000000e-01	-4.697013e-01
4.500556633754585e-03	-2.000000e-01	-4.642479e-01
4.500620335398314e-03	-2.000000e-01	-4.609738e-01
4.500651379297278e-03	-2.000000e-01	-4.600031e-01
4.500683396855711e-03	-2.000000e-01	-4.594094e-01
4.500723508655699e-03	-2.000000e-01	-4.589651e-01
4.500770164648555e-03	-2.000000e-01	-4.586971e-01
4.500802837201205e-03	-2.000000e-01	-4.586211e-01
4.500852913909130e-03	-2.000000e-01	-4.586205e-01
4.500901994175004e-03	-2.000000e-01	-4.586696e-01
4.500951074440878e-03	-2.000000e-01	-4.586934e-01
4.501000154706752e-03	-2.000000e-01	-4.586920e-01
4.501049234972626e-03	-2.000000e-01	-4.586653e-01
4.501098315238500e-03	-2.000000e-01	-4.586133e-01
4.501147395504375e-03	-2.000000e-01	-4.585360e-01
4.501196475770249e-03	-2.000000e-01	-4.584334e-01
4.501311132659873e-03	-2.000000e-01	-4.581706e-01
4.502358231400151e-03	-2.000000e-01	-4.555799e-01
4.503405330140431e-03	-2.000000e-01	-4.529950e-01
4.504452428880710e-03	-2.000000e-01	-4.504160e-01
4.505499527620989e-03	-2.000000e-01	-4.478428e-01
4.506546626361268e-03	-2.000000e-01	-4.452755e-01
4.507593725101547e-03	-2.000000e-01	-4.427141e-01
4.508640823841826e-03	-2.000000e-01	-4.401585e-01
4.536643666971605e-03	-2.000000e-01	-3.727200e-01
4.564646510101383e-03	-2.000000e-01	-3.070096e-01
4.592649353231162e-03	-2.000000e-01	-2.430274e-01
4.620652196360942e-03	-2.000000e-01	-1.807735e-01
4.648655039490720e-03	-2.000000e-01	-1.202477e-01
4.676657882620499e-03	-2.000000e-01	-6.145006e-02
4.704660725750278e-03	-2.000000e-01	-4.380631e-03
4.719309163250278e-03	-2.000000e-01	2.489513e-02
4.733957600750277e-03	-2.000000e-01	5.374581e-02
4.763254475750277e-03	-2.000000e-01	1.101966e-01
4.792551350750276e-03	-2.000000e-01	1.650199e-01
4.836496663250275e-03	-2.000000e-01	2.443058e-01
4.859854282785950e-03	-2.000000e-01	2.849885e-01
4.883211902321625e-03	-2.000000e-01	3.247924e-01
4.906569521857300e-03	-2.000000e-01	3.637175e-01
4.929927141392975e-03	-2.000000e-01	4.017637e-01
4.953284760928650e-03	-2.000000e-01	4.389311e-01
4.976642380464325e-03	-2.000000e-01	4.752197e-01
5.000000000000000e-03	-2.000000e-01	5.106295e-01
5.000000512530540e-03	-1.979499e-01	5.108589e-01
5.000001537591619e-03	-1.938496e-01	5.113199e-01
5.000003587713777e-03	-1.856491e-01	5.122547e-01
5.000007348900020e-03	-1.706044e-01	5.140185e-01
5.000014871272506e-03	-1.405149e-01	5.177218e-01
5.000027297727358e-03	-9.080909e-02	5.242754e-01
5.000045342507837e-03	-1.862997e-02	5.344113e-01
5.000067524553216e-03	7.009821e-02	5.471948e-01
5.000073016133039e-03	9.206453e-02	5.502342e-01
5.000083999292685e-03	1.359972e-01	5.557507e-01
5.000100000000000e-03	2.000000e-01	5.631086e-01
5.000104800212195e-03	2.000000e-01	5.626027e-01
5.000124001060973e-03	2.000000e-01	5.601734e-01
5.000149602192678e-03	2.000000e-01	5.562556e-01
5.000249419159575e-03	2.000000e-01	5.392337e-01
5.000316001560195e-03	2.000000e-01	5.289330e-01
5.000379974225101e-03	2.000000e-01	5.210822e-01
5.000448013437368e-03	2.000000e-01	5.153260e-01
5.000519959445181e-03	2.000000e-01	5.115333e-01
5.000564353549995e-03	2.000000e-01	5.101835e-01
5.000599163185016e-03	2.000000e-01	5.096062e-01
5.000634287901739e-03	2.000000e-01	5.092826e-01
5.000675001259666e-03	2.000000e-01	5.090919e-01
5.000706841437170e-03	2.000000e-01	5.090314e-01
5.000756392764855e-03	2.000000e-01	5.090355e-01
5.000851194445572e-03	2.000000e-01	5.091028e-01
5.000924002277153e-03	2.000000e-01	5.090989e-01
5.000967766578139e-03	2.000000e-01	5.090626e-01
5.001021287327569e-03	2.000000e-01	5.089866e-01
5.001108844380230e-03	2.000000e-01	5.088151e-01
5.001324012354218e-03	2.000000e-01	5.082917e-01
5.032527279237934e-03	2.000000e-01	4.319412e-01
5.063730546121651e-03	2.000000e-01	3.577544e-01
5.094933813005367e-03	2.000000e-01	2.857313e-01
5.126137079889083e-03	2.000000e-01	2.158718e-01
5.157340346772800e-03	2.000000e-01	1.481759e-01
5.188543613656517e-03	2.000000e-01	8.264369e-02
5.219746880540233e-03	2.000000e-01	1.927511e-02
5.234395318040232e-03	2.000000e-01	-9.867913e-03
5.249043755540232e-03	2.000000e-01	-3.858779e-02
5.263692193040232e-03	2.000000e-01	-6.689066e-02
5.292989068040231e-03	2.000000e-01	-1.222695e-01
5.322285943040230e-03	2.000000e-01	-1.760519e-01
5.366231255540230e-03	2.000000e-01	-2.538324e-01
5.385355361891626e-03	2.000000e-01	-2.865914e-01
5.404479468243021e-03	2.000000e-01	-3.187658e-01
5.423603574594417e-03	2.000000e-01	-3.503556e-01
5.442727680945813e-03	2.000000e-01	-3.813610e-01
5.461851787297209e-03	2.000000e-01	-4.117817e-01
5.480975893648605e-03	2.000000e-01	-4.416180e-01
5.500100000000001e-03	2.000000e-01	-4.708696e-01
5.500100142136443e-03	1.994314e-01	-4.709338e-01
5.500100426409327e-03	1.982944e-01	-4.710615e-01
5.500104406229702e-03	1.823751e-01	-4.728822e-01
5.500108954595845e-03	1.641816e-01	-4.750511e-01
5.500118051328132e-03	1.277947e-01	-4.796267e-01
5.500130975143658e-03	7.609943e-02	-4.865998e-01
5.500150546061427e-03	-2.184246e-03	-4.977099e-01
5.500173508712394e-03	-9.403485e-02	-5.102656e-01
5.500200000000000e-03	-2.000000e-01	-5.233805e-01
5.500205741337207e-03	-2.000000e-01	-5.227708e-01
5.500228706686034e-03	-2.000000e-01	-5.197745e-01
5.500259327151136e-03	-2.000000e-01	-5.149487e-01
5.500362732029856e-03	-2.000000e-01	-4.972972e-01
5.500430129164744e-03	-2.000000e-01	-4.872832e-01
5.500496142495657e-03	-2.000000e-01	-4.797318e-01
5.500564867800014e-03	-2.000000e-01	-4.743898e-01
5.500621730285707e-03	-2.000000e-01	-4.715838e-01
5.500652241690798e-03	-2.000000e-01	-4.706620e-01
5.500683699364971e-03	-2.000000e-01	-4.700832e-01
5.500724277888207e-03	-2.000000e-01	-4.696355e-01
5.500770594113302e-03	-2.000000e-01	-4.693693e-01
5.500803203472272e-03	-2.000000e-01	-4.692931e-01
5.500853396079310e-03	-2.000000e-01	-4.692912e-01
5.500902268777056e-03	-2.000000e-01	-4.693389e-01
5.500951141474803e-03	-2.000000e-01	-4.693616e-01
5.501000014172549e-03	-2.000000e-01	-4.693593e-01
5.501048886870297e-03	-2.000000e-01	-4.693321e-01
5.501097759568043e-03	-2.000000e-01	-4.692799e-01
5.501146632265789e-03	-2.000000e-01	-4.692028e-01
5.501195504963536e-03	-2.000000e-01	-4.691006e-01
5.501309727285270e-03	-2.000000e-01	-4.688380e-01
5.502358863113337e-03	-2.000000e-01	-4.662312e-01
5.503407998941404e-03	-2.000000e-01	-4.636302e-01
5.504457134769470e-03	-2.000000e-01	-4.610352e-01
5.505506270597536e-03	-2.000000e-01	-4.584459e-01
5.506555406425602e-03	-2.000000e-01	-4.558625e-01
5.507604542253669e-03	-2.000000e-01	-4.532850e-01
5.508653678081735e-03	-2.000000e-01	-4.507134e-01
5.536664104885289e-03	-2.000000e-01	-3.829665e-01
5.564674531688843e-03	-2.000000e-01	-3.169561e-01
5.592684958492396e-03	-2.000000e-01	-2.526823e-01
5.620695385295949e-03	-2.000000e-01	-1.901450e-01
5.648705812099503e-03	-2.000000e-01	-1.293442e-01
5.676716238903056e-03	-2.000000e-01	-7.028001e-02
5.704726665706610e-03	-2.000000e-01	-1.295230e-02
5.719375103206610e-03	-2.000000e-01	1.644791e-02
5.734023540706609e-03	-2.000000e-01	4.542124e-02
5.748671978206609e-03	-2.000000e-01	7.397389e-02
5.777968853206608e-03	-2.000000e-01	1.298415e-01
5.821914165706607e-03	-2.000000e-01	2.106376e-01
5.865859478206606e-03	-2.000000e-01	2.879652e-01
5.885022409891377e-03	-2.000000e-01	3.205989e-01
5.904185341576148e-03	-2.000000e-01	3.526490e-01
5.923348273260918e-03	-2.000000e-01	3.841158e-01
5.942511204945688e-03	-2.000000e-01	4.149990e-01
5.961674136630459e-03	-2.000000e-01	4.452988e-01
5.980837068315229e-03	-2.000000e-01	4.750151e-01
6.000000000000000e-03	-2.000000e-01	5.041479e-01
6.000000512435081e-03	-1.979503e-01	5.043773e-01
6.000001537305245e-03	-1.938508e-01	5.048383e-01
6.000003587045571e-03	-1.856518e-01	5.057729e-01
6.000007352812367e-03	-1.705887e-01	5.075390e-01
6.000014884345957e-03	-1.404626e-01	5.112470e-01
6.000027317631553e-03	-9.072948e-02	5.178049e-01
6.000045371997761e-03	-1.851201e-02	5.279469e-01
6.000067556841953e-03	7.022737e-02	5.407322e-01
6.000073010671072e-03	9.204268e-02	5.437511e-01
6.000083918329308e-03	1.356733e-01	5.492305e-01
6.000100000000000e-03	2.000000e-01	5.566277e-01
6.000104824501208e-03	2.000000e-01	5.561192e-01
6.000124122506038e-03	2.000000e-01	5.536755e-01
6.000149853179146e-03	2.000000e-01	5.497343e-01
6.000249888887222e-03	2.000000e-01	5.326757e-01
6.000316662833460e-03	2.000000e-01	5.223618e-01
6.000380590409552e-03	2.000000e-01	5.145375e-01
6.000448565857434e-03	2.000000e-01	5.088094e-01
6.000520506711778e-03	2.000000e-01	5.050344e-01
6.000564652103759e-03	2.000000e-01	5.036988e-01
6.000599395188126e-03	2.000000e-01	5.031256e-01
6.000634523482762e-03	2.000000e-01	5.028036e-01
6.000675199183104e-03	2.000000e-01	5.026143e-01
6.000706995911246e-03	2.000000e-01	5.025544e-01
6.000756543332395e-03	2.000000e-01	5.025591e-01
6.000851559320811e-03	2.000000e-01	5.026270e-01
6.000924458768595e-03	2.000000e-01	5.026231e-01
6.000968287366780e-03	2.000000e-01	5.025868e-01
6.001021951868100e-03	2.000000e-01	5.025106e-01
6.001109894282937e-03	2.000000e-01	5.023385e-01
6.001324313694716e-03	2.000000e-01	5.018179e-01
6.032527946217249e-03	2.000000e-01	4.256646e-01
6.063731578739782e-03	2.000000e-01	3.516694e-01
6.094935211262315e-03	2.000000e-01	2.798323e-01
6.126138843784849e-03	2.000000e-01	2.101532e-01
6.157342476307382e-03	2.000000e-01	1.426322e-01
6.188546108829915e-03	2.000000e-01	7.726932e-02
6.219749741352448e-03	2.000000e-01	1.406451e-02
6.234398178852448e-03	2.000000e-01	-1.500286e-02
6.249046616352448e-03	2.000000e-01	-4.364818e-02
6.263695053852447e-03	2.000000e-01	-7.187758e-02
6.292991928852447e-03	2.000000e-01	-1.271127e-01
6.336937241352446e-03	2.000000e-01	-2.069941e-01
6.380882553852445e-03	2.000000e-01	-2.834463e-01
6.397913617587810e-03	2.000000e-01	-3.121572e-01
6.414944681323175e-03	2.000000e-01	-3.404100e-01
6.431975745058540e-03	2.000000e-01	-3.682048e-01
6.449006808793905e-03	2.000000e-01	-3.955416e-01
6.466037872529270e-03	2.000000e-01	-4.224203e-01
6.483068936264635e-03	2.000000e-01	-4.488409e-01
6.500100000000000e-03	2.000000e-01	-4.748035e-01
6.500100321771886e-03	1.987129e-01	-4.749482e-01
6.500100965315658e-03	1.961387e-01	-4.752380e-01
6.500104826578291e-03	1.806937e-01	-4.770133e-01
6.500109974928467e-03	1.601003e-01	-4.794861e-01
6.500120271628822e-03	1.189135e-01	-4.847301e-01
6.500134631740975e-03	6.147303e-02	-4.925821e-01
6.500155249937957e-03	-2.099975e-02	-5.043454e-01
6.500175898610485e-03	-1.035944e-01	-5.155482e-01
6.500200000000001e-03	-2.000000e-01	-5.273117e-01
6.500205729383825e-03	-2.000000e-01	-5.267022e-01
6.500228646919121e-03	-2.000000e-01	-5.237097e-01
6.500259203632849e-03	-2.000000e-01	-5.188924e-01
6.500362647027955e-03	-2.000000e-01	-5.012327e-01
6.500430116884611e-03	-2.000000e-01	-4.912079e-01
6.500496085833115e-03	-2.000000e-01	-4.836618e-01
6.500564779465415e-03	-2.000000e-01	-4.783224e-01
6.500621633694990e-03	-2.000000e-01	-4.755163e-01
6.500652132230210e-03	-2.000000e-01	-4.745945e-01
6.500683553910232e-03	-2.000000e-01	-4.740159e-01
6.500724122933229e-03	-2.000000e-01	-4.735677e-01
6.500770414945771e-03	-2.000000e-01	-4.733010e-01
6.500803042282898e-03	-2.000000e-01	-4.732244e-01
6.500853269133116e-03	-2.000000e-01	-4.732222e-01
6.500902078883890e-03	-2.000000e-01	-4.732697e-01
6.500950888634665e-03	-2.000000e-01	-4.732922e-01
6.500999698385439e-03	-2.000000e-01	-4.732899e-01
6.501048508136214e-03	-2.000000e-01	-4.732626e-01
6.501097317886988e-03	-2.000000e-01	-4.732104e-01
6.501146127637763e-03	-2.000000e-01	-4.731334e-01
6.501194937388538e-03	-2.000000e-01	-4.730314e-01
6.501308973343787e-03	-2.000000e-01	-4.727689e-01
6.502358135884037e-03	-2.000000e-01	-4.701580e-01
6.503407298424287e-03	-2.000000e-01	-4.675529e-01
6.504456460964537e-03	-2.000000e-01	-4.649536e-01
6.505505623504788e-03	-2.000000e-01	-4.623602e-01
6.506554786045038e-03	-2.000000e-01	-4.597727e-01
6.507603948585287e-03	-2.000000e-01	-4.571910e-01
6.508653111125537e-03	-2.000000e-01	-4.546152e-01
6.536664307828611e-03	-2.000000e-01	-3.867591e-01
6.564675504531685e-03	-2.000000e-01	-3.206424e-01
6.592686701234759e-03	-2.000000e-01	-2.562651e-01
6.620697897937834e-03	-2.000000e-01	-1.936272e-01
6.648709094640907e-03	-2.000000e-01	-1.327286e-01
6.676720291343982e-03	-2.000000e-01	-7.356941e-02
6.704731488047055e-03	-2.000000e-01	-1.614960e-02
6.719379925547055e-03	-2.000000e-01	1.329704e-02
6.734028363047055e-03	-2.000000e-01	4.231612e-02
6.748676800547054e-03	-2.000000e-01	7.091386e-02
6.777973675547054e-03	-2.000000e-01	1.268697e-01
6.807270550547053e-03	-2.000000e-01	1.812124e-01
6.851215863047052e-03	-2.000000e-01	2.598032e-01
6.872470739754616e-03	-2.000000e-01	2.965450e-01
6.893725616462180e-03	-2.000000e-01	3.325614e-01
6.914980493169744e-03	-2.000000e-01	3.678522e-01
6.936235369877308e-03	-2.000000e-01	4.024174e-01
6.957490246584873e-03	-2.000000e-01	4.362571e-01
6.978745123292436e-03	-2.000000e-01	4.693713e-01
7.000000000000000e-03	-2.000000e-01	5.017599e-01
7.000000512399914e-03	-1.979504e-01	5.019892e-01
7.000001537199743e-03	-1.938512e-01	5.024502e-01
7.000003586799399e-03	-1.856528e-01	5.033848e-01
7.000007354246156e-03	-1.705830e-01	5.051516e-01
7.000014889139669e-03	-1.404434e-01	5.088615e-01
7.000027324948022e-03	-9.070021e-02	5.154209e-01
7.000045382831648e-03	-1.846867e-02	5.255651e-01
7.000067568707144e-03	7.027483e-02	5.383511e-01
7.000073008669254e-03	9.203468e-02	5.413625e-01
7.000083888593475e-03	1.355544e-01	5.468283e-01
7.000100000000000e-03	2.000000e-01	5.542399e-01
7.000104833421958e-03	2.000000e-01	5.537304e-01
7.000124167109789e-03	2.000000e-01	5.512815e-01
7.000149945360230e-03	2.000000e-01	5.473316e-01
7.000250061460454e-03	2.000000e-01	5.302596e-01
7.000316905619130e-03	2.000000e-01	5.199409e-01
7.000380816665932e-03	2.000000e-01	5.121263e-01
7.000448768921787e-03	2.000000e-01	5.064085e-01
7.000520707835043e-03	2.000000e-01	5.026399e-01
7.000564762102126e-03	2.000000e-01	5.013096e-01
7.000599480667002e-03	2.000000e-01	5.007380e-01
7.000634610199075e-03	2.000000e-01	5.004165e-01
7.000675272022223e-03	2.000000e-01	5.002276e-01
7.000707052754223e-03	2.000000e-01	5.001680e-01
7.000756598729212e-03	2.000000e-01	5.001729e-01
7.000851693625979e-03	2.000000e-01	5.002410e-01
7.000924626854186e-03	2.000000e-01	5.002372e-01
7.000968479229677e-03	2.000000e-01	5.002008e-01
7.001022196824297e-03	2.000000e-01	5.001246e-01
7.001110282246152e-03	2.000000e-01	4.999522e-01
7.001324428496007e-03	2.000000e-01	4.994327e-01
7.032528168317767e-03	2.000000e-01	4.233521e-01
7.063731908139528e-03	2.000000e-01	3.494276e-01
7.094935647961289e-03	2.000000e-01	2.776590e-01
7.126139387783051e-03	2.000000e-01	2.080465e-01
7.157343127604811e-03	2.000000e-01	1.405900e-01
7.188546867426572e-03	2.000000e-01	7.528953e-02
7.219750607248333e-03	2.000000e-01	1.214510e-02
7.234399044748333e-03	2.000000e-01	-1.689440e-02
7.249047482248332e-03	2.000000e-01	-4.551226e-02
7.263695919748332e-03	2.000000e-01	-7.371459e-02
7.292992794748331e-03	2.000000e-01	-1.288967e-01
7.336938107248330e-03	2.000000e-01	-2.087016e-01
7.380883419748329e-03	2.000000e-01	-2.850804e-01
7.397914359784282e-03	2.000000e-01	-3.137636e-01
7.414945299820236e-03	2.000000e-01	-3.419892e-01
7.431976239856189e-03	2.000000e-01	-3.697571e-01
7.449007179892142e-03	2.000000e-01	-3.970675e-01
7.466038119928095e-03	2.000000e-01	-4.239202e-01
7.483069059964048e-03	2.000000e-01	-4.503154e-01
7.500100000000001e-03	2.000000e-01	-4.762529e-01
7.500100321793030e-03	1.987128e-01	-4.763976e-01
7.500100965379088e-03	1.961385e-01	-4.766874e-01
7.500104826895439e-03	1.806924e-01	-4.784628e-01
7.500109975583906e-03	1.600977e-01	-4.809358e-01
7.500120272960840e-03	1.189082e-01	-4.861802e-01
7.500134633763935e-03	6.146494e-02	-4.940326e-01
7.500155252403149e-03	-2.100961e-02	-5.057961e-01
7.500175897680537e-03	-1.035907e-01	-5.169971e-01
7.500200000000000e-03	-2.000000e-01	-5.287610e-01
7.500205729379817e-03	-2.000000e-01	-5.281515e-01
7.500228646899084e-03	-2.000000e-01	-5.251589e-01
7.500259203591440e-03	-2.000000e-01	-5.203416e-01
7.500362647311070e-03	-2.000000e-01	-5.026817e-01
7.500430117512866e-03	-2.000000e-01	-4.926568e-01
7.500496086752769e-03	-2.000000e-01	-4.851106e-01
7.500564780891573e-03	-2.000000e-01	-4.797710e-01
7.500621637261571e-03	-2.000000e-01	-4.769648e-01
7.500652133119782e-03	-2.000000e-01	-4.760431e-01
7.500683548817043e-03	-2.000000e-01	-4.754646e-01
7.500724115053913e-03	-2.000000e-01	-4.750162e-01
7.500770402655946e-03	-2.000000e-01	-4.747494e-01
7.500803032111764e-03	-2.000000e-01	-4.746728e-01
7.500853264330445e-03	-2.000000e-01	-4.746705e-01
7.500902056669410e-03	-2.000000e-01	-4.747179e-01
7.500950849008376e-03	-2.000000e-01	-4.747404e-01
7.500999641347341e-03	-2.000000e-01	-4.747380e-01
7.501048433686306e-03	-2.000000e-01	-4.747107e-01
7.501097226025271e-03	-2.000000e-01	-4.746585e-01
7.501146018364237e-03	-2.000000e-01	-4.745814e-01
7.501194810703203e-03	-2.000000e-01	-4.744795e-01
7.501308795814913e-03	-2.000000e-01	-4.742170e-01
7.502358055668036e-03	-2.000000e-01	-4.716043e-01
7.503407315521158e-03	-2.000000e-01	-4.689974e-01
7.504456575374281e-03	-2.000000e-01	-4.663964e-01
7.505505835227403e-03	-2.000000e-01	-4.638013e-01
7.506555095080526e-03	-2.000000e-01	-4.612120e-01
7.507604354933648e-03	-2.000000e-01	-4.586286e-01
7.508653614786771e-03	-2.000000e-01	-4.560510e-01
7.536665269254274e-03	-2.000000e-01	-3.881544e-01
7.564676923721778e-03	-2.000000e-01	-3.219981e-01
7.592688578189281e-03	-2.000000e-01	-2.575824e-01
7.620700232656786e-03	-2.000000e-01	-1.949071e-01
7.648711887124289e-03	-2.000000e-01	-1.339722e-01
7.676723541591793e-03	-2.000000e-01	-7.477771e-02
7.704735196059296e-03	-2.000000e-01	-1.732369e-02
7.719383633559296e-03	-2.000000e-01	1.213999e-02
7.734032071059296e-03	-2.000000e-01	4.117588e-02
7.748680508559295e-03	-2.000000e-01	6.979017e-02
7.777977383559295e-03	-2.000000e-01	1.257784e-01
7.807274258559294e-03	-2.000000e-01	1.801525e-01
7.851219571059295e-03	-2.000000e-01	2.587888e-01
7.872473918050824e-03	-2.000000e-01	2.955511e-01
7.893728265042354e-03	-2.000000e-01	3.315874e-01
7.914982612033883e-03	-2.000000e-01	3.668978e-01
7.936236959025412e-03	-2.000000e-01	4.014822e-01
7.957491306016942e-03	-2.000000e-01	4.353407e-01
7.978745653008471e-03	-2.000000e-01	4.684733e-01
8.000000000000000e-03	-2.000000e-01	5.008800e-01
8.000000512386958e-03	-1.979505e-01	5.011094e-01
8.000001537160874e-03	-1.938514e-01	5.015703e-01
8.000003586708706e-03	-1.856532e-01	5.025049e-01
8.000007354772350e-03	-1.705809e-01	5.042721e-01
8.000014890899639e-03	-1.404364e-01	5.079826e-01
8.000027327638054e-03	-9.068945e-02	5.145426e-01
8.000045386814102e-03	-1.845274e-02	5.246876e-01
8.000067573069494e-03	7.029228e-02	5.374739e-01
8.000073007934346e-03	9.203174e-02	5.404825e-01
8.000083877664049e-03	1.355107e-01	5.459432e-01
8.000100000000000e-03	2.000000e-01	5.533601e-01
8.000104836700784e-03	2.000000e-01	5.528502e-01
8.000124183503925e-03	2.000000e-01	5.503994e-01
8.000149979241446e-03	2.000000e-01	5.464464e-01
8.000250124896897e-03	2.000000e-01	5.293694e-01
8.000316994843526e-03	2.000000e-01	5.190489e-01
8.000380899818629e-03	2.000000e-01	5.112379e-01
8.000448843580112e-03	2.000000e-01	5.055239e-01
8.000520781773070e-03	2.000000e-01	5.017578e-01
8.000564802576130e-03	2.000000e-01	5.004293e-01
8.000599512115330e-03	2.000000e-01	4.998582e-01
8.000634642089227e-03	2.000000e-01	4.995369e-01
8.000675298802952e-03	2.000000e-01	4.993483e-01
8.000707073653452e-03	2.000000e-01	4.992887e-01
8.000756619096374e-03	2.000000e-01	4.992937e-01
8.000851743050879e-03	2.000000e-01	4.993619e-01
8.000924688720686e-03	2.000000e-01	4.993581e-01
8.000968549861641e-03	2.000000e-01	4.993217e-01
8.001022287021091e-03	2.000000e-01	4.992454e-01
8.001110425212600e-03	2.000000e-01	4.990730e-01
8.001324471248836e-03	2.000000e-01	4.985539e-01
8.032528246810281e-03	2.000000e-01	4.225001e-01
8.063732022371727e-03	2.000000e-01	3.486016e-01
8.094935797933172e-03	2.000000e-01	2.768583e-01
8.126139573494619e-03	2.000000e-01	2.072703e-01
8.157343349056064e-03	2.000000e-01	1.398376e-01
8.188547124617510e-03	2.000000e-01	7.456014e-02
8.219750900178955e-03	2.000000e-01	1.143796e-02
8.234399337678956e-03	2.000000e-01	-1.759127e-02
8.249047775178956e-03	2.000000e-01	-4.619901e-02
8.263696212678957e-03	2.000000e-01	-7.439137e-02
8.292993087678958e-03	2.000000e-01	-1.295540e-01
8.336938400178960e-03	2.000000e-01	-2.093306e-01
8.380883712678961e-03	2.000000e-01	-2.856825e-01
8.397914610867680e-03	2.000000e-01	-3.143554e-01
8.414945509056401e-03	2.000000e-01	-3.425710e-01
8.431976407245120e-03	2.000000e-01	-3.703290e-01
8.449007305433841e-03	2.000000e-01	-3.976297e-01
8.466038203622560e-03	2.000000e-01	-4.244729e-01
8.483069101811281e-03	2.000000e-01	-4.508586e-01
8.500100000000000e-03	2.000000e-01	-4.767869e-01
8.500100120814617e-03	1.995167e-01	-4.768415e-01
8.500100362443851e-03	1.985502e-01	-4.769501e-01
8.500103745253115e-03	1.850190e-01	-4.784920e-01
8.500107611320846e-03	1.695547e-01	-4.803178e-01
8.500115343456309e-03	1.386262e-01	-4.841512e-01
8.500127676239928e-03	8.929504e-02	-4.906994e-01
8.500146001379716e-03	1.599448e-02	-5.010351e-01
8.500172950075565e-03	-9.180030e-02	-5.164591e-01
8.500182698827045e-03	-1.307953e-01	-5.213447e-01
8.500199999999999e-03	-2.000000e-01	-5.292901e-01
8.500205190351886e-03	-2.000000e-01	-5.287393e-01
8.500225951759432e-03	-2.000000e-01	-5.260706e-01
8.500253633636158e-03	-2.000000e-01	-5.217690e-01
8.500356148617126e-03	-2.000000e-01	-5.042709e-01
8.500424622301888e-03	-2.000000e-01	-4.939000e-01
8.500488483186049e-03	-2.000000e-01	-4.863430e-01
8.500555997300454e-03	-2.000000e-01	-4.808792e-01
8.500620311592775e-03	-2.000000e-01	-4.775623e-01
8.500651378770549e-03	-2.000000e-01	-4.765879e-01
8.500683401724721e-03	-2.000000e-01	-4.759934e-01
8.500723451629492e-03	-2.000000e-01	-4.755489e-01
8.500770098031758e-03	-2.000000e-01	-4.752800e-01
8.500802781259061e-03	-2.000000e-01	-4.752034e-01
8.500852873803399e-03	-2.000000e-01	-4.752020e-01
8.500901791261149e-03	-2.000000e-01	-4.752503e-01
8.500950708718900e-03	-2.000000e-01	-4.752734e-01
8.500999626176649e-03	-2.000000e-01	-4.752714e-01
8.501048543634399e-03	-2.000000e-01	-4.752443e-01
8.501097461092148e-03	-2.000000e-01	-4.751920e-01
8.501146378549899e-03	-2.000000e-01	-4.751146e-01
8.501195296007649e-03	-2.000000e-01	-4.750120e-01
8.501309454928697e-03	-2.000000e-01	-4.747488e-01
8.502357751590401e-03	-2.000000e-01	-4.721379e-01
8.503406048252104e-03	-2.000000e-01	-4.695328e-01
8.504454344913807e-03	-2.000000e-01	-4.669335e-01
8.505502641575510e-03	-2.000000e-01	-4.643402e-01
8.506550938237213e-03	-2.000000e-01	-4.617527e-01
8.507599234898916e-03	-2.000000e-01	-4.591711e-01
8.508647531560620e-03	-2.000000e-01	-4.565954e-01
8.536655465552000e-03	-2.000000e-01	-3.886927e-01
8.564663399543379e-03	-2.000000e-01	-3.225303e-01
8.592671333534760e-03	-2.000000e-01	-2.581083e-01
8.620679267526141e-03	-2.000000e-01	-1.954267e-01
8.648687201517522e-03	-2.000000e-01	-1.344855e-01
8.676695135508901e-03	-2.000000e-01	-7.528461e-02
8.704703069500282e-03	-2.000000e-01	-1.782414e-02
8.719351507000282e-03	-2.000000e-01	1.164682e-02
8.733999944500283e-03	-2.000000e-01	4.068986e-02
8.748648382000283e-03	-2.000000e-01	6.931121e-02
8.777945257000284e-03	-2.000000e-01	1.253132e-01
8.807242132000286e-03	-2.000000e-01	1.797008e-01
8.851187444500287e-03	-2.000000e-01	2.583565e-01
8.872446381000246e-03	-2.000000e-01	2.951356e-01
8.893705317500205e-03	-2.000000e-01	3.311882e-01
8.914964254000164e-03	-2.000000e-01	3.665145e-01
8.936223190500124e-03	-2.000000e-01	4.011144e-01
8.957482127000083e-03	-2.000000e-01	4.349879e-01
8.978741063500042e-03	-2.000000e-01	4.681351e-01
9.000000000000001e-03	-2.000000e-01	5.005559e-01
9.000000512382183e-03	-1.979505e-01	5.007852e-01
9.000001537146547e-03	-1.938514e-01	5.012462e-01
9.000003586675276e-03	-1.856533e-01	5.021807e-01
9.000007354970500e-03	-1.705801e-01	5.039480e-01
9.000014891560949e-03	-1.404338e-01	5.076587e-01
9.000027328637255e-03	-9.068545e-02	5.142190e-01
9.000045388295737e-03	-1.844682e-02	5.243643e-01
9.000067574689170e-03	7.029875e-02	5.371506e-01
9.000073007658533e-03	9.203064e-02	5.401582e-01
9.000083873597258e-03	1.354944e-01	5.456171e-01
9.000100000000000e-03	2.000000e-01	5.530360e-01
9.000104837920823e-03	2.000000e-01	5.525260e-01
9.000124189604115e-03	2.000000e-01	5.500744e-01
9.000149991848503e-03	2.000000e-01	5.461202e-01
9.000250148502793e-03	2.000000e-01	5.290414e-01
9.000317028042796e-03	2.000000e-01	5.187203e-01
9.000380930760166e-03	2.000000e-01	5.109106e-01
9.000448871366581e-03	2.000000e-01	5.051979e-01
9.000520809291887e-03	2.000000e-01	5.014328e-01
9.000564817651371e-03	2.000000e-01	5.001050e-01
9.000599523837062e-03	2.000000e-01	4.995341e-01
9.000634653982592e-03	2.000000e-01	4.992129e-01
9.000675308801975e-03	2.000000e-01	4.990243e-01
9.000707081456283e-03	2.000000e-01	4.989648e-01
9.000756626699215e-03	2.000000e-01	4.989698e-01
9.000851761381067e-03	2.000000e-01	4.990380e-01
9.000924711659704e-03	2.000000e-01	4.990343e-01
9.000968576046198e-03	2.000000e-01	4.989978e-01
9.001022320472360e-03	2.000000e-01	4.989215e-01
9.001110478294426e-03	2.000000e-01	4.987491e-01
9.001324487260858e-03	2.000000e-01	4.982301e-01
9.032528274185943e-03	2.000000e-01	4.221862e-01
9.063732061111026e-03	2.000000e-01	3.482973e-01
9.094935848036110e-03	2.000000e-01	2.765633e-01
9.126139634961193e-03	2.000000e-01	2.069844e-01
9.157343421886278e-03	2.000000e-01	1.395604e-01
9.188547208811361e-03	2.000000e-01	7.429144e-02
9.219750995736445e-03	2.000000e-01	1.117745e-02
9.234399433236446e-03	2.000000e-01	-1.784800e-02
9.249047870736446e-03	2.000000e-01	-4.645201e-02
9.263696308236447e-03	2.000000e-01	-7.464070e-02
9.292993183236448e-03	2.000000e-01	-1.297961e-01
9.336938495736450e-03	2.000000e-01	-2.095624e-01
9.380883808236451e-03	2.000000e-01	-2.859043e-01
9.397914692774101e-03	2.000000e-01	-3.145735e-01
9.414945577311751e-03	2.000000e-01	-3.427853e-01
9.431976461849401e-03	2.000000e-01	-3.705398e-01
9.449007346387052e-03	2.000000e-01	-3.978368e-01
9.466038230924701e-03	2.000000e-01	-4.246765e-01
9.483069115462352e-03	2.000000e-01	-4.510587e-01
9.500100000000001e-03	2.000000e-01	-4.769836e-01
9.500100120976329e-03	1.995161e-01	-4.770384e-01
9.500100362928983e-03	1.985483e-01	-4.771470e-01
9.500103750266149e-03	1.849989e-01	-4.786911e-01
9.500107621508623e-03	1.695140e-01	-4.805194e-01
9.500115363993571e-03	1.385440e-01	-4.843583e-01
9.500127689510121e-03	8.924196e-02	-4.909033e-01
9.500146023295405e-03	1.590682e-02	-5.012444e-01
9.500172942067822e-03	-9.176827e-02	-5.166521e-01
9.500182636344437e-03	-1.305454e-01	-5.215110e-01
9.500200000000000e-03	-2.000000e-01	-5.294869e-01
9.500205209096670e-03	-2.000000e-01	-5.289340e-01
9.500226045483347e-03	-2.000000e-01	-5.262539e-01
9.500253827332248e-03	-2.000000e-01	-5.219343e-01
9.500356376064448e-03	-2.000000e-01	-5.044296e-01
9.500424814460829e-03	-2.000000e-01	-4.940711e-01
9.500488751636619e-03	-2.000000e-01	-4.865140e-01
9.500556307280446e-03	-2.000000e-01	-4.810545e-01
9.500620341263531e-03	-2.000000e-01	-4.777571e-01
9.500651382126024e-03	-2.000000e-01	-4.767846e-01
9.500683366597680e-03	-2.000000e-01	-4.761908e-01
9.500723430913459e-03	-2.000000e-01	-4.757460e-01
9.500770055690338e-03	-2.000000e-01	-4.754770e-01
9.500802746462481e-03	-2.000000e-01	-4.754002e-01
9.500852863562618e-03	-2.000000e-01	-4.753987e-01
9.500901760325526e-03	-2.000000e-01	-4.754469e-01
9.500950657088433e-03	-2.000000e-01	-4.754700e-01
9.500999553851341e-03	-2.000000e-01	-4.754680e-01
9.501048450614249e-03	-2.000000e-01	-4.754409e-01
9.501097347377157e-03	-2.000000e-01	-4.753887e-01
9.501146244140064e-03	-2.000000e-01	-4.753113e-01
9.501195140902972e-03	-2.000000e-01	-4.752088e-01
9.501309249001407e-03	-2.000000e-01	-4.749459e-01
9.502357453763700e-03	-2.000000e-01	-4.723349e-01
9.503405658525992e-03	-2.000000e-01	-4.697298e-01
9.504453863288284e-03	-2.000000e-01	-4.671306e-01
9.505502068050578e-03	-2.000000e-01	-4.645373e-01
9.506550272812870e-03	-2.000000e-01	-4.619499e-01
9.507598477575162e-03	-2.000000e-01	-4.593683e-01
9.508646682337455e-03	-2.000000e-01	-4.567926e-01
9.536654579784669e-03	-2.000000e-01	-3.888845e-01
9.564662477231882e-03	-2.000000e-01	-3.227169e-01
9.592670374679096e-03	-2.000000e-01	-2.582899e-01
9.620678272126310e-03	-2.000000e-01	-1.956033e-01
9.648686169573524e-03	-2.000000e-01	-1.346573e-01
9.676694067020737e-03	-2.000000e-01	-7.545178e-02
9.704701964467951e-03	-2.000000e-01	-1.798678e-02
9.719350401967952e-03	-2.000000e-01	1.148654e-02
9.733998839467952e-03	-2.000000e-01	4.053191e-02
9.748647276967953e-03	-2.000000e-01	6.915555e-02
9.777944151967954e-03	-2.000000e-01	1.251621e-01
9.807241026967955e-03	-2.000000e-01	1.795540e-01
9.851186339467957e-03	-2.000000e-01	2.582160e-01
9.872445433829678e-03	-2.000000e-01	2.949982e-01
9.893704528191398e-03	-2.000000e-01	3.310541e-01
9.914963622553119e-03	-2.000000e-01	3.663834e-01
9.936222716914840e-03	-2.000000e-01	4.009864e-01
9.957481811276560e-03	-2.000000e-01	4.348628e-01
9.978740905638281e-03	-2.000000e-01	4.680129e-01
1.000000000000000e-02	-2.000000e-01	5.004364e-01
1.000000051238042e-02	-1.979505e-01	5.006658e-01
1.000000153714127e-02	-1.938514e-01	5.011268e-01
1.000000358666297e-02	-1.856533e-01	5.020612e-01
1.000000735504265e-02	-1.705798e-01	5.038286e-01
1.000001489180202e-02	-1.404328e-01	5.075395e-01
1.000002732900403e-02	-9.068398e-02	5.140998e-01
1.000004538883901e-02	-1.844464e-02	5.242452e-01
1.000006757528380e-02	7.030114e-02	5.370315e-01
1.000007300755793e-02	9.203023e-02	5.400388e-01
1.000008387210619e-02	1.354884e-01	5.454969e-01
1.000010000000000e-02	2.000000e-01	5.529165e-01
1.000010483836814e-02	2.000000e-01	5.524065e-01
1.000012419184071e-02	2.000000e-01	5.499547e-01
1.000014999647080e-02	2.000000e-01	5.460000e-01
1.000025015715777e-02	2.000000e-01	5.289205e-01
1.000031704021474e-02	2.000000e-01	5.185992e-01
1.000038094210421e-02	2.000000e-01	5.107900e-01
1.000044888155416e-02	2.000000e-01	5.050779e-01
1.000052081938103e-02	2.000000e-01	5.013130e-01
1.000056482317762e-02	2.000000e-01	4.999854e-01
1.000059952813311e-02	2.000000e-01	4.994147e-01
1.000063465833899e-02	2.000000e-01	4.990935e-01
1.000067531246174e-02	2.000000e-01	4.989049e-01
1.000070708431240e-02	2.000000e-01	4.988454e-01
1.000075662948123e-02	2.000000e-01	4.988504e-01
1.000085176811146e-02	2.000000e-01	4.989187e-01
1.000092472008312e-02	2.000000e-01	4.989149e-01
1.000096858566499e-02	2.000000e-01	4.988785e-01
1.000102233275551e-02	2.000000e-01	4.988022e-01
1.000111049778499e-02	2.000000e-01	4.986298e-01
1.000132449313335e-02	2.000000e-01	4.981109e-01
1.003252828451150e-02	2.000000e-01	4.220706e-01
1.006373207588965e-02	2.000000e-01	3.481852e-01
1.009493586726780e-02	2.000000e-01	2.764546e-01
1.012613965864594e-02	2.000000e-01	2.068790e-01
1.015734345002409e-02	2.000000e-01	1.394583e-01
1.018854724140224e-02	2.000000e-01	7.419243e-02
1.021975103278039e-02	2.000000e-01	1.108147e-02
1.023439947028039e-02	2.000000e-01	-1.794259e-02
1.024904790778039e-02	2.000000e-01	-4.654522e-02
1.026369634528039e-02	2.000000e-01	-7.473256e-02
1.029299322028039e-02	2.000000e-01	-1.298854e-01
1.033693853278040e-02	2.000000e-01	-2.096477e-01
1.038088384528040e-02	2.000000e-01	-2.859860e-01
1.039791472452605e-02	2.000000e-01	-3.146538e-01
1.041494560377171e-02	2.000000e-01	-3.428643e-01
1.043197648301737e-02	2.000000e-01	-3.706174e-01
1.044900736226303e-02	2.000000e-01	-3.979131e-01
1.046603824150869e-02	2.000000e-01	-4.247515e-01
1.048306912075434e-02	2.000000e-01	-4.511325e-01
1.050010000000000e-02	2.000000e-01	-4.770561e-01
1.050010032180475e-02	1.987128e-01	-4.772009e-01
1.050010096541425e-02	1.961383e-01	-4.774907e-01
1.050010482707127e-02	1.806917e-01	-4.792662e-01
1.050010997594729e-02	1.600962e-01	-4.817392e-01
1.050012027369933e-02	1.189052e-01	-4.869838e-01
1.050013463488041e-02	6.146048e-02	-4.948364e-01
1.050015525376533e-02	-2.101506e-02	-5.066001e-01
1.050017589716630e-02	-1.035887e-01	-5.178000e-01
1.050020000000000e-02	-2.000000e-01	-5.295641e-01
1.050020572937758e-02	-2.000000e-01	-5.289546e-01
1.050022864688788e-02	-2.000000e-01	-5.259620e-01
1.050025920356829e-02	-2.000000e-01	-5.211448e-01
1.050036264746781e-02	-2.000000e-01	-5.034847e-01
1.050043011786094e-02	-2.000000e-01	-4.934598e-01
1.050049608726226e-02	-2.000000e-01	-4.859135e-01
1.050056478168174e-02	-2.000000e-01	-4.805739e-01
1.050062163923725e-02	-2.000000e-01	-4.777676e-01
1.050065213361173e-02	-2.000000e-01	-4.768459e-01
1.050068354599228e-02	-2.000000e-01	-4.762674e-01
1.050072411068136e-02	-2.000000e-01	-4.758190e-01
1.050077039584472e-02	-2.000000e-01	-4.755522e-01
1.050080302647554e-02	-2.000000e-01	-4.754755e-01
1.050085326166911e-02	-2.000000e-01	-4.754731e-01
1.050090204435946e-02	-2.000000e-01	-4.755205e-01
1.050095082704980e-02	-2.000000e-01	-4.755430e-01
1.050099960974015e-02	-2.000000e-01	-4.755405e-01
1.050104839243050e-02	-2.000000e-01	-4.755132e-01
1.050109717512085e-02	-2.000000e-01	-4.754610e-01
1.050114595781119e-02	-2.000000e-01	-4.753840e-01
1.050119474050154e-02	-2.000000e-01	-4.752820e-01
1.050130869735376e-02	-2.000000e-01	-4.750195e-01
1.050235801113397e-02	-2.000000e-01	-4.724058e-01
1.050340732491418e-02	-2.000000e-01	-4.697980e-01
1.050445663869439e-02	-2.000000e-01	-4.671960e-01
1.050550595247460e-02	-2.000000e-01	-4.645999e-01
1.050655526625481e-02	-2.000000e-01	-4.620097e-01
1.050760458003502e-02	-2.000000e-01	-4.594253e-01
1.050865389381523e-02	-2.000000e-01	-4.568467e-01
1.053666580190101e-02	-2.000000e-01	-3.889276e-01
1.056467770998680e-02	-2.000000e-01	-3.227495e-01
1.059268961807258e-02	-2.000000e-01	-2.583124e-01
1.062070152615837e-02	-2.000000e-01	-1.956163e-01
1.064871343424415e-02	-2.000000e-01	-1.346613e-01
1.067672534232994e-02	-2.000000e-01	-7.544733e-02
1.070473725041573e-02	-2.000000e-01	-1.797438e-02
1.071938568791573e-02	-2.000000e-01	1.149876e-02
1.073403412541573e-02	-2.000000e-01	4.054395e-02
1.074868256291573e-02	-2.000000e-01	6.916742e-02
1.077797943791573e-02	-2.000000e-01	1.251736e-01
1.080727631291573e-02	-2.000000e-01	1.795652e-01
1.085122162541573e-02	-2.000000e-01	2.582267e-01
1.087247567892777e-02	-2.000000e-01	2.950002e-01
1.089372973243981e-02	-2.000000e-01	3.310476e-01
1.091498378595185e-02	-2.000000e-01	3.663689e-01
1.093623783946388e-02	-2.000000e-01	4.009640e-01
1.095749189297592e-02	-2.000000e-01	4.348329e-01
1.097874594648796e-02	-2.000000e-01	4.679758e-01
1.100000000000000e-02	-2.000000e-01	5.003924e-01
1.100000044459025e-02	-1.982216e-01	5.005914e-01
1.100000133377075e-02	-1.946649e-01	5.009908e-01
1.100000666885374e-02	-1.733246e-01	5.034595e-01
1.100001378229772e-02	-1.448708e-01	5.069417e-01
1.100002647854133e-02	-9.408583e-02	5.135987e-01
1.100004404862584e-02	-2.380550e-02	5.234346e-01
1.100006630730911e-02	6.522924e-02	5.362563e-01
1.100007343450638e-02	9.373803e-02	5.401942e-01
1.100008574560545e-02	1.429824e-01	5.463603e-01
1.100010000000000e-02	2.000000e-01	5.528718e-01
1.100010427631836e-02	2.000000e-01	5.524239e-01
1.100012138159182e-02	2.000000e-01	5.503021e-01
1.100014418862310e-02	2.000000e-01	5.468893e-01
1.100018980268566e-02	2.000000e-01	5.392391e-01
1.100023933224893e-02	2.000000e-01	5.306845e-01
1.100030163937862e-02	2.000000e-01	5.207390e-01
1.100036652318124e-02	2.000000e-01	5.123757e-01
1.100044151606061e-02	2.000000e-01	5.055765e-01
1.100051105460820e-02	2.000000e-01	5.016230e-01
1.100055880454862e-02	2.000000e-01	5.000694e-01
1.100059449902992e-02	2.000000e-01	4.994264e-01
1.100062925757988e-02	2.000000e-01	4.990759e-01
1.100066533484390e-02	2.000000e-01	4.988841e-01
1.100069829228778e-02	2.000000e-01	4.988072e-01
1.100072488717240e-02	2.000000e-01	4.987920e-01
1.100075216919973e-02	2.000000e-01	4.988136e-01
1.100077945122706e-02	2.000000e-01	4.988319e-01
1.100080673325439e-02	2.000000e-01	4.988470e-01
1.100083401528172e-02	2.000000e-01	4.988589e-01
1.100086129730905e-02	2.000000e-01	4.988675e-01
1.100088857933637e-02	2.000000e-01	4.988730e-01
1.100091586136370e-02	2.000000e-01	4.988752e-01
1.100095995758441e-02	2.000000e-01	4.988437e-01
1.100100971291780e-02	2.000000e-01	4.987790e-01
1.100109083796929e-02	2.000000e-01	4.986272e-01
1.100131519364026e-02	2.000000e-01	4.980908e-01
1.100933101456041e-02	2.000000e-01	4.783059e-01
1.101734683548057e-02	2.000000e-01	4.586716e-01
1.102536265640072e-02	2.000000e-01	4.391878e-01
1.103337847732087e-02	2.000000e-01	4.198545e-01
1.104139429824102e-02	2.000000e-01	4.006717e-01
1.104941011916118e-02	2.000000e-01	3.816395e-01
1.105742594008133e-02	2.000000e-01	3.627578e-01
1.110137125258133e-02	2.000000e-01	2.618465e-01
1.114531656508133e-02	2.000000e-01	1.652672e-01
1.117461344008133e-02	2.000000e-01	1.031956e-01
1.118926187758133e-02	2.000000e-01	7.283408e-02
1.120391031508133e-02	2.000000e-01	4.291341e-02
1.121855875258133e-02	2.000000e-01	1.342716e-02
1.123320719008133e-02	2.000000e-01	-1.563095e-02
1.124785562758134e-02	2.000000e-01	-4.426715e-02
1.126250406508134e-02	2.000000e-01	-7.248756e-02
1.129180094008134e-02	2.000000e-01	-1.277051e-01
1.133574625258134e-02	2.000000e-01	-2.075611e-01
1.137969156508134e-02	2.000000e-01	-2.839889e-01
1.139689277006972e-02	2.000000e-01	-3.129746e-01
1.141409397505810e-02	2.000000e-01	-3.414933e-01
1.143129518004648e-02	2.000000e-01	-3.695451e-01
1.144849638503486e-02	2.000000e-01	-3.971300e-01
1.146569759002324e-02	2.000000e-01	-4.242479e-01
1.148289879501162e-02	2.000000e-01	-4.508988e-01
1.150010000000000e-02	2.000000e-01	-4.770828e-01
1.150010032180515e-02	1.987128e-01	-4.772276e-01
1.150010096541545e-02	1.961383e-01	-4.775174e-01
1.150010482707725e-02	1.806917e-01	-4.792929e-01
1.150010997595966e-02	1.600962e-01	-4.817659e-01
1.150012027372447e-02	1.189051e-01	-4.870105e-01
1.150013463491338e-02	6.146035e-02	-4.948631e-01
1.150015525380808e-02	-2.101523e-02	-5.066268e-01
1.150017589714835e-02	-1.035886e-01	-5.178267e-01
1.150020000000000e-02	-2.000000e-01	-5.295908e-01
1.150020572937749e-02	-2.000000e-01	-5.289813e-01
1.150022864688744e-02	-2.000000e-01	-5.259887e-01
1.150025920356737e-02	-2.000000e-01	-5.211715e-01
1.150036264747308e-02	-2.000000e-01	-5.035114e-01
1.150043011787274e-02	-2.000000e-01	-4.934865e-01
1.150049608727946e-02	-2.000000e-01	-4.859402e-01
1.150056478170832e-02	-2.000000e-01	-4.806006e-01
1.150062163930270e-02	-2.000000e-01	-4.777943e-01
1.150065213362785e-02	-2.000000e-01	-4.768726e-01
1.150068354589799e-02	-2.000000e-01	-4.762941e-01
1.150072411053631e-02	-2.000000e-01	-4.758457e-01
1.150077039561730e-02	-2.000000e-01	-4.755789e-01
1.150080302628686e-02	-2.000000e-01	-4.755022e-01
1.150085326158069e-02	-2.000000e-01	-4.754998e-01
1.150090204395059e-02	-2.000000e-01	-4.755472e-01
1.150095082632049e-02	-2.000000e-01	-4.755696e-01
1.150099960869040e-02	-2.000000e-01	-4.755672e-01
1.150104839106030e-02	-2.000000e-01	-4.755399e-01
1.150109717343020e-02	-2.000000e-01	-4.754877e-01
1.150114595580011e-02	-2.000000e-01	-4.754106e-01
1.150119473817001e-02	-2.000000e-01	-4.753087e-01
1.150130869419168e-02	-2.000000e-01	-4.750462e-01
1.150235800975487e-02	-2.000000e-01	-4.724325e-01
1.150340732531806e-02	-2.000000e-01	-4.698246e-01
1.150445664088126e-02	-2.000000e-01	-4.672226e-01
1.150550595644445e-02	-2.000000e-01	-4.646265e-01
1.150655527200764e-02	-2.000000e-01	-4.620362e-01
1.150760458757084e-02	-2.000000e-01	-4.594518e-01
1.150865390313403e-02	-2.000000e-01	-4.568732e-01
1.153666581944523e-02	-2.000000e-01	-3.889533e-01
1.156467773575643e-02	-2.000000e-01	-3.227745e-01
1.159268965206763e-02	-2.000000e-01	-2.583367e-01
1.162070156837883e-02	-2.000000e-01	-1.956399e-01
1.164871348469002e-02	-2.000000e-01	-1.346842e-01
1.167672540100122e-02	-2.000000e-01	-7.546960e-02
1.170473731731242e-02	-2.000000e-01	-1.799601e-02
1.171938575481242e-02	-2.000000e-01	1.147743e-02
1.173403419231242e-02	-2.000000e-01	4.052294e-02
1.174868262981242e-02	-2.000000e-01	6.914671e-02
1.177797950481243e-02	-2.000000e-01	1.251535e-01
1.180727637981243e-02	-2.000000e-01	1.795456e-01
1.185122169231243e-02	-2.000000e-01	2.582080e-01
1.187247573626780e-02	-2.000000e-01	2.949819e-01
1.189372978022316e-02	-2.000000e-01	3.310296e-01
1.191498382417853e-02	-2.000000e-01	3.663512e-01
1.193623786813390e-02	-2.000000e-01	4.009467e-01
1.195749191208927e-02	-2.000000e-01	4.348160e-01
1.197874595604463e-02	-2.000000e-01	4.679592e-01
1.200000000000000e-02	-2.000000e-01	5.003762e-01
1.200000042194363e-02	-1.983122e-01	5.005651e-01
1.200000126583088e-02	-1.949367e-01	5.009440e-01
1.200000632915441e-02	-1.746834e-01	5.032821e-01
1.200001308025244e-02	-1.476790e-01	5.065767e-01
1.200002601961022e-02	-9.592156e-02	5.133376e-01
1.200004327193403e-02	-2.691226e-02	5.229741e-01
1.200006560634047e-02	6.242536e-02	5.358341e-01
1.200007371071968e-02	9.484288e-02	5.403360e-01
1.200008379124159e-02	1.351650e-01	5.454119e-01
1.200010000000000e-02	2.000000e-01	5.528556e-01
1.200010486262752e-02	2.000000e-01	5.523427e-01
1.200012431313761e-02	2.000000e-01	5.498760e-01
1.200015024715107e-02	2.000000e-01	5.458975e-01
1.200025063183475e-02	2.000000e-01	5.287800e-01
1.200031770839804e-02	2.000000e-01	5.184455e-01
1.200038157022987e-02	2.000000e-01	5.106626e-01
1.200044945084584e-02	2.000000e-01	5.049784e-01
1.200052138528881e-02	2.000000e-01	5.012314e-01
1.200056514200282e-02	2.000000e-01	4.999179e-01
1.200059978865871e-02	2.000000e-01	4.993512e-01
1.200063493830004e-02	2.000000e-01	4.990315e-01
1.200067556622912e-02	2.000000e-01	4.988441e-01
1.200070728122446e-02	2.000000e-01	4.987852e-01
1.200075681811070e-02	2.000000e-01	4.987905e-01
1.200085200092577e-02	2.000000e-01	4.988587e-01
1.200092499954500e-02	2.000000e-01	4.988546e-01
1.200096890195366e-02	2.000000e-01	4.988180e-01
1.200102275275882e-02	2.000000e-01	4.987414e-01
1.200111125164988e-02	2.000000e-01	4.985680e-01
1.200132487823184e-02	2.000000e-01	4.980497e-01
1.203253179874530e-02	2.000000e-01	4.220038e-01
1.206373871925875e-02	2.000000e-01	3.481132e-01
1.209494563977220e-02	2.000000e-01	2.763778e-01
1.212615256028565e-02	2.000000e-01	2.067976e-01
1.215735948079910e-02	2.000000e-01	1.393727e-01
1.218856640131256e-02	2.000000e-01	7.410304e-02
1.221977332182601e-02	2.000000e-01	1.098861e-02
1.223442175932601e-02	2.000000e-01	-1.803409e-02
1.224907019682601e-02	2.000000e-01	-4.663540e-02
1.226371863432601e-02	2.000000e-01	-7.482142e-02
1.229301550932601e-02	2.000000e-01	-1.299717e-01
1.233696082182601e-02	2.000000e-01	-2.097303e-01
1.238090613432601e-02	2.000000e-01	-2.860650e-01
1.239793382942230e-02	2.000000e-01	-3.147262e-01
1.241496152451858e-02	2.000000e-01	-3.429303e-01
1.243198921961487e-02	2.000000e-01	-3.706771e-01
1.244901691471115e-02	2.000000e-01	-3.979668e-01
1.246604460980743e-02	2.000000e-01	-4.247993e-01
1.248307230490372e-02	2.000000e-01	-4.511746e-01
1.250010000000000e-02	2.000000e-01	-4.770927e-01
1.250010032180529e-02	1.987128e-01	-4.772374e-01
1.250010096541588e-02	1.961383e-01	-4.775272e-01
1.250010482707941e-02	1.806917e-01	-4.793027e-01
1.250010997596412e-02	1.600961e-01	-4.817758e-01
1.250012027373354e-02	1.189051e-01	-4.870204e-01
1.250013463492573e-02	6.146030e-02	-4.948730e-01
1.250015525382358e-02	-2.101529e-02	-5.066367e-01
1.250017589714250e-02	-1.035886e-01	-5.178366e-01
1.250020000000000e-02	-2.000000e-01	-5.296007e-01
1.250020572937748e-02	-2.000000e-01	-5.289912e-01
1.250022864688738e-02	-2.000000e-01	-5.259985e-01
1.250025920356725e-02	-2.000000e-01	-5.211813e-01
1.250036264747520e-02	-2.000000e-01	-5.035213e-01
1.250043011787725e-02	-2.000000e-01	-4.934963e-01
1.250049608728591e-02	-2.000000e-01	-4.859500e-01
1.250056478171812e-02	-2.000000e-01	-4.806105e-01
1.250062163932708e-02	-2.000000e-01	-4.778042e-01
1.250065213363401e-02	-2.000000e-01	-4.768824e-01
1.250068354586361e-02	-2.000000e-01	-4.763039e-01
1.250072411048237e-02	-2.000000e-01	-4.758556e-01
1.250077039553498e-02	-2.000000e-01	-4.755887e-01
1.250080302621924e-02	-2.000000e-01	-4.755120e-01
1.250085326154769e-02	-2.000000e-01	-4.755097e-01
1.250090204379944e-02	-2.000000e-01	-4.755570e-01
1.250095082605118e-02	-2.000000e-01	-4.755795e-01
1.250099960830292e-02	-2.000000e-01	-4.755771e-01
1.250104839055467e-02	-2.000000e-01	-4.755497e-01
1.250109717280641e-02	-2.000000e-01	-4.754975e-01
1.250114595505816e-02	-2.000000e-01	-4.754205e-01
1.250119473730990e-02	-2.000000e-01	-4.753185e-01
1.250130869294393e-02	-2.000000e-01	-4.750561e-01
1.250235800927272e-02	-2.000000e-01	-4.724423e-01
1.250340732560151e-02	-2.000000e-01	-4.698344e-01
1.250445664193030e-02	-2.000000e-01	-4.672324e-01
1.250550595825909e-02	-2.000000e-01	-4.646363e-01
1.250655527458787e-02	-2.000000e-01	-4.620460e-01
1.250760459091666e-02	-2.000000e-01	-4.594615e-01
1.250865390724545e-02	-2.000000e-01	-4.568830e-01
1.253666582704742e-02	-2.000000e-01	-3.889628e-01
1.256467774684939e-02	-2.000000e-01	-3.227837e-01
1.259268966665136e-02	-2.000000e-01	-2.583456e-01
1.262070158645333e-02	-2.000000e-01	-1.956486e-01
1.264871350625530e-02	-2.000000e-01	-1.346927e-01
1.267672542605727e-02	-2.000000e-01	-7.547781e-02
1.270473734585924e-02	-2.000000e-01	-1.800398e-02
1.271938578335924e-02	-2.000000e-01	1.146958e-02
1.273403422085924e-02	-2.000000e-01	4.051520e-02
1.274868265835924e-02	-2.000000e-01	6.913908e-02
1.277797953335924e-02	-2.000000e-01	1.251461e-01
1.280727640835924e-02	-2.000000e-01	1.795385e-01
1.285122172085925e-02	-2.000000e-01	2.582011e-01
1.287247576073650e-02	-2.000000e-01	2.949752e-01
1.289372980061375e-02	-2.000000e-01	3.310231e-01
1.291498384049100e-02	-2.000000e-01	3.663448e-01
1.293623788036825e-02	-2.000000e-01	4.009404e-01
1.295749192024550e-02	-2.000000e-01	4.348098e-01
1.297874596012275e-02	-2.000000e-01	4.679531e-01
1.300000000000000e-02	-2.000000e-01	5.003702e-01
1.300000051237946e-02	-1.979505e-01	5.005996e-01
1.300000153713838e-02	-1.938514e-01	5.010605e-01
1.300000358665621e-02	-1.856534e-01	5.019950e-01
1.300000735506411e-02	-1.705797e-01	5.037624e-01
1.300001489187992e-02	-1.404325e-01	5.074732e-01
1.300002732917752e-02	-9.068329e-02	5.140336e-01
1.300004538908348e-02	-1.844367e-02	5.241791e-01
1.300006757556663e-02	7.030226e-02	5.369655e-01
1.300007300752398e-02	9.203009e-02	5.399725e-01
1.300008387143869e-02	1.354858e-01	5.454304e-01
1.300010000000000e-02	2.000000e-01	5.528504e-01
1.300010483856839e-02	2.000000e-01	5.523403e-01
1.300012419284196e-02	2.000000e-01	5.498883e-01
1.300014999854005e-02	2.000000e-01	5.459335e-01
1.300025016103055e-02	2.000000e-01	5.288537e-01
1.300031704566039e-02	2.000000e-01	5.185322e-01
1.300038094717595e-02	2.000000e-01	5.107232e-01
1.300044888610338e-02	2.000000e-01	5.050114e-01
1.300052082388157e-02	2.000000e-01	5.012466e-01
1.300056482561957e-02	2.000000e-01	4.999192e-01
1.300059953000159e-02	2.000000e-01	4.993485e-01
1.300063466020512e-02	2.000000e-01	4.990273e-01
1.300067531399158e-02	2.000000e-01	4.988388e-01
1.300070708550329e-02	2.000000e-01	4.987793e-01
1.300075663064823e-02	2.000000e-01	4.987843e-01
1.300085177138867e-02	2.000000e-01	4.988526e-01
1.300092472421301e-02	2.000000e-01	4.988488e-01
1.300096859038612e-02	2.000000e-01	4.988124e-01
1.300102233876594e-02	2.000000e-01	4.987361e-01
1.300111050716056e-02	2.000000e-01	4.985636e-01
1.300132449564804e-02	2.000000e-01	4.980447e-01
1.303252828369506e-02	2.000000e-01	4.220065e-01
1.306373207174207e-02	2.000000e-01	3.481230e-01
1.309493585978909e-02	2.000000e-01	2.763944e-01
1.312613964783611e-02	2.000000e-01	2.068207e-01
1.315734343588313e-02	2.000000e-01	1.394017e-01
1.318854722393015e-02	2.000000e-01	7.413762e-02
1.321975101197717e-02	2.000000e-01	1.102834e-02
1.323439944947717e-02	2.000000e-01	-1.799494e-02
1.324904788697717e-02	2.000000e-01	-4.659681e-02
1.326369632447717e-02	2.000000e-01	-7.478340e-02
1.329299319947717e-02	2.000000e-01	-1.299347e-01
1.333693851197717e-02	2.000000e-01	-2.096950e-01
1.338088382447717e-02	2.000000e-01	-2.860312e-01
1.339791470669472e-02	2.000000e-01	-3.146983e-01
1.341494558891227e-02	2.000000e-01	-3.429080e-01
1.343197647112981e-02	2.000000e-01	-3.706604e-01
1.344900735334736e-02	2.000000e-01	-3.979554e-01
1.346603823556491e-02	2.000000e-01	-4.247931e-01
1.348306911778245e-02	2.000000e-01	-4.511734e-01
1.350010000000000e-02	2.000000e-01	-4.770963e-01
1.350010029433799e-02	1.988226e-01	-4.772287e-01
1.350010088301395e-02	1.964680e-01	-4.774936e-01
1.350010441506977e-02	1.823397e-01	-4.791136e-01
1.350010912447753e-02	1.635021e-01	-4.813619e-01
1.350011854329305e-02	1.258268e-01	-4.861121e-01
1.350013186863960e-02	7.252544e-02	-4.933251e-01
1.350015169060075e-02	-6.762403e-03	-5.045856e-01
1.350017494190060e-02	-9.976760e-02	-5.172687e-01
1.350020000000000e-02	-2.000000e-01	-5.296060e-01
1.350020573427001e-02	-2.000000e-01	-5.289968e-01
1.350022867135003e-02	-2.000000e-01	-5.260037e-01
1.350025925412340e-02	-2.000000e-01	-5.211838e-01
1.350036266348710e-02	-2.000000e-01	-5.035306e-01
1.350043008786538e-02	-2.000000e-01	-4.935108e-01
1.350049607588666e-02	-2.000000e-01	-4.859603e-01
1.350056478618355e-02	-2.000000e-01	-4.806176e-01
1.350062170464488e-02	-2.000000e-01	-4.778076e-01
1.350065220595735e-02	-2.000000e-01	-4.768856e-01
1.350068363383154e-02	-2.000000e-01	-4.763069e-01
1.350072419538253e-02	-2.000000e-01	-4.758588e-01
1.350077049032817e-02	-2.000000e-01	-4.755921e-01
1.350080311458832e-02	-2.000000e-01	-4.755155e-01
1.350085333769971e-02	-2.000000e-01	-4.755132e-01
1.350090212936690e-02	-2.000000e-01	-4.755605e-01
1.350095092103409e-02	-2.000000e-01	-4.755830e-01
1.350099971270127e-02	-2.000000e-01	-4.755805e-01
1.350104850436846e-02	-2.000000e-01	-4.755532e-01
1.350109729603565e-02	-2.000000e-01	-4.755010e-01
1.350114608770284e-02	-2.000000e-01	-4.754239e-01
1.350119487937003e-02	-2.000000e-01	-4.753218e-01
1.350130886304389e-02	-2.000000e-01	-4.750593e-01
1.350235830302608e-02	-2.000000e-01	-4.724452e-01
1.350340774300826e-02	-2.000000e-01	-4.698370e-01
1.350445718299044e-02	-2.000000e-01	-4.672347e-01
1.350550662297262e-02	-2.000000e-01	-4.646382e-01
1.350655606295480e-02	-2.000000e-01	-4.620476e-01
1.350760550293698e-02	-2.000000e-01	-4.594629e-01
1.350865494291916e-02	-2.000000e-01	-4.568840e-01
1.353666709431372e-02	-2.000000e-01	-3.889633e-01
1.356467924570827e-02	-2.000000e-01	-3.227836e-01
1.359269139710282e-02	-2.000000e-01	-2.583450e-01
1.362070354849737e-02	-2.000000e-01	-1.956475e-01
1.364871569989192e-02	-2.000000e-01	-1.346911e-01
1.367672785128647e-02	-2.000000e-01	-7.547580e-02
1.370474000268102e-02	-2.000000e-01	-1.800157e-02
1.371938844018102e-02	-2.000000e-01	1.147196e-02
1.373403687768102e-02	-2.000000e-01	4.051755e-02
1.374868531518102e-02	-2.000000e-01	6.914140e-02
1.377798219018102e-02	-2.000000e-01	1.251483e-01
1.380727906518102e-02	-2.000000e-01	1.795406e-01
1.385122437768103e-02	-2.000000e-01	2.582032e-01
1.387247803801231e-02	-2.000000e-01	2.949766e-01
1.389373169834359e-02	-2.000000e-01	3.310238e-01
1.391498535867487e-02	-2.000000e-01	3.663449e-01
1.393623901900616e-02	-2.000000e-01	4.009399e-01
1.395749267933744e-02	-2.000000e-01	4.348087e-01
1.397874633966872e-02	-2.000000e-01	4.679514e-01
1.400000000000000e-02	-2.000000e-01	5.003680e-01
1.400000036120717e-02	-1.985552e-01	5.005297e-01
1.400000108362150e-02	-1.956655e-01	5.008537e-01
1.400000541810750e-02	-1.783276e-01	5.028443e-01
1.400001119742216e-02	-1.552103e-01	5.056310e-01
1.400002275605149e-02	-1.089758e-01	5.115694e-01
1.400003843232465e-02	-4.627070e-02	5.202156e-01
1.400005999572333e-02	3.998289e-02	5.325776e-01
1.400007482069052e-02	9.928276e-02	5.405835e-01
1.400010000000000e-02	2.000000e-01	5.528523e-01
1.400010565419788e-02	2.000000e-01	5.522527e-01
1.400012827098941e-02	2.000000e-01	5.493119e-01
1.400015842671146e-02	2.000000e-01	5.445743e-01
1.400026166386725e-02	2.000000e-01	5.269654e-01
1.400032919966186e-02	2.000000e-01	5.169106e-01
1.400039507694277e-02	2.000000e-01	5.094105e-01
1.400047115497594e-02	2.000000e-01	5.036857e-01
1.400053986842242e-02	2.000000e-01	5.005919e-01
1.400057783101944e-02	2.000000e-01	4.996505e-01
1.400061108591387e-02	2.000000e-01	4.992069e-01
1.400064657551144e-02	2.000000e-01	4.989456e-01
1.400068597935143e-02	2.000000e-01	4.988053e-01
1.400071541238203e-02	2.000000e-01	4.987687e-01
1.400079580143984e-02	2.000000e-01	4.988121e-01
1.400089730146730e-02	2.000000e-01	4.988565e-01
1.400098361893628e-02	2.000000e-01	4.987923e-01
1.400104640623449e-02	2.000000e-01	4.986910e-01
1.400115139978544e-02	2.000000e-01	4.984698e-01
1.403257786663205e-02	2.000000e-01	4.218873e-01
1.406400433347866e-02	2.000000e-01	3.474891e-01
1.409543080032527e-02	2.000000e-01	2.752753e-01
1.412685726717188e-02	2.000000e-01	2.052457e-01
1.415828373401848e-02	2.000000e-01	1.374005e-01
1.418971020086509e-02	2.000000e-01	7.173954e-02
1.422113666771170e-02	2.000000e-01	8.262936e-03
1.423578510521170e-02	2.000000e-01	-2.072020e-02
1.425043354271170e-02	2.000000e-01	-4.928250e-02
1.426508198021170e-02	2.000000e-01	-7.743009e-02
1.429437885521170e-02	2.000000e-01	-1.325051e-01
1.433832416771171e-02	2.000000e-01	-2.121550e-01
1.438226948021171e-02	2.000000e-01	-2.883856e-01
1.439910241161003e-02	2.000000e-01	-3.166840e-01
1.441593534300836e-02	2.000000e-01	-3.445359e-01
1.443276827440669e-02	2.000000e-01	-3.719412e-01
1.444960120580502e-02	2.000000e-01	-3.989001e-01
1.446643413720334e-02	2.000000e-01	-4.254125e-01
1.448326706860167e-02	2.000000e-01	-4.514783e-01
1.450010000000000e-02	2.000000e-01	-4.770977e-01
1.450010032180536e-02	1.987128e-01	-4.772424e-01
1.450010096541608e-02	1.961383e-01	-4.775322e-01
1.450010482708038e-02	1.806917e-01	-4.793077e-01
1.450010997596612e-02	1.600961e-01	-4.817808e-01
1.450012027373760e-02	1.189051e-01	-4.870254e-01
1.450013463493851e-02	6.146025e-02	-4.948780e-01
1.450015525383639e-02	-2.101535e-02	-5.066417e-01
1.450017589713892e-02	-1.035886e-01	-5.178416e-01
1.450020000000000e-02	-2.000000e-01	-5.296057e-01
1.450020572937746e-02	-2.000000e-01	-5.289962e-01
1.450022864688731e-02	-2.000000e-01	-5.260035e-01
1.450025920356710e-02	-2.000000e-01	-5.211864e-01
1.450036264747596e-02	-2.000000e-01	-5.035263e-01
1.450043011787899e-02	-2.000000e-01	-4.935013e-01
1.450049608728871e-02	-2.000000e-01	-4.859550e-01
1.450056478172266e-02	-2.000000e-01	-4.806155e-01
1.450062163933903e-02	-2.000000e-01	-4.778092e-01
1.450065213363677e-02	-2.000000e-01	-4.768874e-01
1.450068354584550e-02	-2.000000e-01	-4.763089e-01
1.450072411045475e-02	-2.000000e-01	-4.758606e-01
1.450077039549101e-02	-2.000000e-01	-4.755937e-01
1.450080302618287e-02	-2.000000e-01	-4.755170e-01
1.450085326153113e-02	-2.000000e-01	-4.755147e-01
1.450090204372210e-02	-2.000000e-01	-4.755620e-01
1.450095082591308e-02	-2.000000e-01	-4.755845e-01
1.450099960810406e-02	-2.000000e-01	-4.755821e-01
1.450104839029503e-02	-2.000000e-01	-4.755547e-01
1.450109717248601e-02	-2.000000e-01	-4.755025e-01
1.450114595467699e-02	-2.000000e-01	-4.754255e-01
1.450119473686796e-02	-2.000000e-01	-4.753235e-01
1.450130869226805e-02	-2.000000e-01	-4.750611e-01
1.450235800844288e-02	-2.000000e-01	-4.724473e-01
1.450340732461770e-02	-2.000000e-01	-4.698394e-01
1.450445664079253e-02	-2.000000e-01	-4.672374e-01
1.450550595696735e-02	-2.000000e-01	-4.646412e-01
1.450655527314218e-02	-2.000000e-01	-4.620509e-01
1.450760458931700e-02	-2.000000e-01	-4.594665e-01
1.450865390549183e-02	-2.000000e-01	-4.568879e-01
1.453666582543721e-02	-2.000000e-01	-3.889676e-01
1.456467774538258e-02	-2.000000e-01	-3.227884e-01
1.459268966532796e-02	-2.000000e-01	-2.583502e-01
1.462070158527334e-02	-2.000000e-01	-1.956530e-01
1.464871350521872e-02	-2.000000e-01	-1.346970e-01
1.467672542516409e-02	-2.000000e-01	-7.548200e-02
1.470473734510947e-02	-2.000000e-01	-1.800806e-02
1.471938578260947e-02	-2.000000e-01	1.146556e-02
1.473403422010947e-02	-2.000000e-01	4.051124e-02
1.474868265760947e-02	-2.000000e-01	6.913518e-02
1.477797953260947e-02	-2.000000e-01	1.251423e-01
1.480727640760948e-02	-2.000000e-01	1.795348e-01
1.485122172010948e-02	-2.000000e-01	2.581976e-01
1.487245188600520e-02	-2.000000e-01	2.949309e-01
1.489368205190092e-02	-2.000000e-01	3.309397e-01
1.491491221779664e-02	-2.000000e-01	3.662239e-01
1.493614238369236e-02	-2.000000e-01	4.007835e-01
1.495737254958807e-02	-2.000000e-01	4.346185e-01
1.497860271548379e-02	-2.000000e-01	4.677290e-01
1.499983288137951e-02	-2.000000e-01	5.001149e-01
1.499990000000000e-02	-2.000000e-01	5.002162e-01
1.500000000000000e-02	-2.000000e-01	5.003672e-01
